,open,high,low,close,adjclose,volume,ticker
2010-01-05,35.0,35.0,35.0,35.0,35.0,10000,CHTR
2010-01-06,35.0,35.0,35.0,35.0,35.0,0,CHTR
2010-01-07,35.25,35.5,35.0,35.0,35.0,9800,CHTR
2010-01-08,34.54999923706055,34.54999923706055,33.5,33.5,33.5,32200,CHTR
2010-01-11,33.5,33.5,33.5,33.5,33.5,3700,CHTR
2010-01-12,33.5,33.54999923706055,33.5,33.5,33.5,5100,CHTR
2010-01-13,33.0099983215332,33.0099983215332,32.5,32.75,32.75,226300,CHTR
2010-01-14,32.75,32.75,32.75,32.75,32.75,150500,CHTR
2010-01-15,32.5,32.5,32.25,32.25,32.25,45500,CHTR
2010-01-19,32.25,32.25,31.75,32.0,32.0,19400,CHTR
2010-01-20,31.5,31.75,31.5,31.75,31.75,600,CHTR
2010-01-21,31.5,31.600000381469727,31.5,31.600000381469727,31.600000381469727,600,CHTR
2010-01-22,31.5,31.5,31.5,31.5,31.5,200,CHTR
2010-01-25,31.100000381469727,31.25,31.0,31.25,31.25,1300,CHTR
2010-01-26,31.0,31.0,30.75,30.75,30.75,300,CHTR
2010-01-27,30.549999237060547,31.0,30.549999237060547,30.75,30.75,77000,CHTR
2010-01-28,31.0,31.0,30.75,30.75,30.75,10400,CHTR
2010-01-29,30.850000381469727,30.850000381469727,30.5,30.6299991607666,30.6299991607666,30700,CHTR
2010-02-01,30.25,30.5,30.25,30.5,30.5,3500,CHTR
2010-02-02,30.5,30.5,30.5,30.5,30.5,600,CHTR
2010-02-03,30.100000381469727,30.100000381469727,29.75,29.75,29.75,5200,CHTR
2010-02-04,30.0,30.25,30.0,30.25,30.25,29400,CHTR
2010-02-05,30.479999542236328,30.5,30.0,30.5,30.5,1800,CHTR
2010-02-08,30.0,30.0,29.75,29.850000381469727,29.850000381469727,47400,CHTR
2010-02-09,29.100000381469727,29.799999237060547,29.100000381469727,29.799999237060547,29.799999237060547,29700,CHTR
2010-02-10,29.399999618530273,29.850000381469727,29.399999618530273,29.75,29.75,107600,CHTR
2010-02-11,29.739999771118164,29.739999771118164,29.5,29.739999771118164,29.739999771118164,10000,CHTR
2010-02-12,29.739999771118164,29.739999771118164,29.739999771118164,29.739999771118164,29.739999771118164,100,CHTR
2010-02-16,29.739999771118164,29.739999771118164,29.739999771118164,29.739999771118164,29.739999771118164,0,CHTR
2010-02-17,29.739999771118164,29.739999771118164,29.739999771118164,29.739999771118164,29.739999771118164,0,CHTR
2010-02-18,29.100000381469727,29.700000762939453,29.100000381469727,29.700000762939453,29.700000762939453,1700,CHTR
2010-02-19,29.700000762939453,29.700000762939453,29.700000762939453,29.700000762939453,29.700000762939453,0,CHTR
2010-02-22,29.100000381469727,29.719999313354492,29.100000381469727,29.700000762939453,29.700000762939453,19700,CHTR
2010-02-23,29.700000762939453,29.700000762939453,29.700000762939453,29.700000762939453,29.700000762939453,0,CHTR
2010-02-24,29.700000762939453,29.700000762939453,29.700000762939453,29.700000762939453,29.700000762939453,0,CHTR
2010-02-25,29.5,29.700000762939453,29.5,29.5,29.5,2800,CHTR
2010-02-26,29.25,29.75,29.25,29.75,29.75,2700,CHTR
2010-03-01,29.75,30.100000381469727,29.75,30.100000381469727,30.100000381469727,24800,CHTR
2010-03-02,30.100000381469727,30.399999618530273,30.0,30.399999618530273,30.399999618530273,29100,CHTR
2010-03-03,30.5,30.75,30.5,30.75,30.75,131800,CHTR
2010-03-04,31.0,31.5,30.75,31.020000457763672,31.020000457763672,17000,CHTR
2010-03-05,31.25,31.75,31.25,31.75,31.75,48900,CHTR
2010-03-08,31.5,31.75,31.5,31.75,31.75,49100,CHTR
2010-03-09,32.0,32.75,31.979999542236328,32.75,32.75,134900,CHTR
2010-03-10,32.95000076293945,33.0,32.0,33.0,33.0,111000,CHTR
2010-03-11,33.0,33.0,32.5,32.5,32.5,33100,CHTR
2010-03-12,33.0,33.0,32.5,32.5,32.5,207600,CHTR
2010-03-15,33.0,33.5,32.5,33.0,33.0,247100,CHTR
2010-03-16,32.25,33.0,32.25,32.75,32.75,16500,CHTR
2010-03-17,33.0,34.0,33.0,34.0,34.0,115000,CHTR
2010-03-18,34.0,34.75,34.0,34.75,34.75,15400,CHTR
2010-03-19,34.75,34.75,34.5,34.75,34.75,1300,CHTR
2010-03-22,34.75,34.75,34.25,34.43000030517578,34.43000030517578,6000,CHTR
2010-03-23,34.25,35.25,34.25,35.0,35.0,53700,CHTR
2010-03-24,35.0,35.0,35.0,35.0,35.0,1400,CHTR
2010-03-25,34.75,35.0,34.5,34.5,34.5,91000,CHTR
2010-03-26,35.0,35.0,34.75,34.75,34.75,57800,CHTR
2010-03-29,34.5,35.0,34.400001525878906,34.5,34.5,205600,CHTR
2010-03-30,34.5,34.52000045776367,34.45000076293945,34.45000076293945,34.45000076293945,44000,CHTR
2010-03-31,34.5,34.5,34.25,34.5,34.5,91700,CHTR
2010-04-01,34.5,35.0,34.349998474121094,35.0,35.0,59600,CHTR
2010-04-05,34.5,35.0,34.5,35.0,35.0,45500,CHTR
2010-04-06,35.0,35.0,34.54999923706055,34.54999923706055,34.54999923706055,1300,CHTR
2010-04-07,34.54999923706055,35.0,34.54999923706055,34.54999923706055,34.54999923706055,51800,CHTR
2010-04-08,34.54999923706055,34.54999923706055,34.54999923706055,34.54999923706055,34.54999923706055,0,CHTR
2010-04-09,34.54999923706055,34.70000076293945,34.54999923706055,34.70000076293945,34.70000076293945,50500,CHTR
2010-04-12,34.75,35.25,34.75,35.0,35.0,190400,CHTR
2010-04-13,35.0,35.0,35.0,35.0,35.0,0,CHTR
2010-04-14,35.25,35.75,35.25,35.25,35.25,35000,CHTR
2010-04-15,35.45000076293945,36.0,35.29999923706055,36.0,36.0,11700,CHTR
2010-04-16,36.099998474121094,36.099998474121094,36.099998474121094,36.099998474121094,36.099998474121094,900,CHTR
2010-04-19,36.0,36.04999923706055,36.0,36.0099983215332,36.0099983215332,36600,CHTR
2010-04-20,36.0099983215332,36.0099983215332,36.0099983215332,36.0099983215332,36.0099983215332,0,CHTR
2010-04-21,35.5099983215332,35.5099983215332,35.5099983215332,35.5099983215332,35.5099983215332,100,CHTR
2010-04-22,36.0,36.0,35.95000076293945,36.0,36.0,16400,CHTR
2010-04-23,36.25,36.25,36.25,36.25,36.25,2700,CHTR
2010-04-26,36.27000045776367,36.5,36.27000045776367,36.5,36.5,3700,CHTR
2010-04-27,36.5,36.5,36.5,36.5,36.5,1700,CHTR
2010-04-28,36.5,36.5,36.33000183105469,36.5,36.5,16800,CHTR
2010-04-29,36.5,37.25,36.5,37.25,37.25,50400,CHTR
2010-04-30,37.5,38.0,37.25,37.900001525878906,37.900001525878906,130400,CHTR
2010-05-03,38.5,39.5,38.5,39.5,39.5,26600,CHTR
2010-05-04,39.5,39.9900016784668,39.0,39.75,39.75,9700,CHTR
2010-05-05,39.5,39.75,39.0,39.5,39.5,83100,CHTR
2010-05-06,39.0,39.0,37.0,38.349998474121094,38.349998474121094,43500,CHTR
2010-05-07,37.79999923706055,38.0,37.5,37.849998474121094,37.849998474121094,4000,CHTR
2010-05-10,37.5,38.25,37.5,37.75,37.75,41000,CHTR
2010-05-11,37.75,38.0,37.75,38.0,38.0,2200,CHTR
2010-05-12,38.0,38.0,38.0,38.0,38.0,3200,CHTR
2010-05-13,38.0,38.0,38.0,38.0,38.0,0,CHTR
2010-05-14,37.650001525878906,37.650001525878906,37.5,37.599998474121094,37.599998474121094,900,CHTR
2010-05-17,37.599998474121094,38.0,37.599998474121094,38.0,38.0,4400,CHTR
2010-05-18,37.0,37.25,37.0,37.25,37.25,6000,CHTR
2010-05-19,37.0,38.20000076293945,37.0,38.20000076293945,38.20000076293945,5800,CHTR
2010-05-20,38.0,38.0,37.0,37.0,37.0,126600,CHTR
2010-05-21,36.79999923706055,36.79999923706055,36.5,36.75,36.75,1900,CHTR
2010-05-24,36.5,36.5,36.25,36.29999923706055,36.29999923706055,72100,CHTR
2010-05-25,36.0,36.5,35.25,36.0,36.0,5300,CHTR
2010-05-26,36.0,36.0,36.0,36.0,36.0,5000,CHTR
2010-05-27,36.130001068115234,36.150001525878906,36.0,36.0,36.0,145500,CHTR
2010-05-28,36.0,36.0,36.0,36.0,36.0,400,CHTR
2010-06-01,36.0,36.0,35.880001068115234,35.880001068115234,35.880001068115234,43800,CHTR
2010-06-02,35.25,35.29999923706055,35.0,35.0,35.0,8300,CHTR
2010-06-03,35.0,35.0,35.0,35.0,35.0,2200,CHTR
2010-06-04,35.0,35.0,34.75,35.0,35.0,2700,CHTR
2010-06-07,34.75,35.0,33.75,33.75,33.75,211300,CHTR
2010-06-08,34.0,34.5,33.79999923706055,34.5,34.5,159700,CHTR
2010-06-09,34.0,34.75,34.0,34.52000045776367,34.52000045776367,405800,CHTR
2010-06-10,34.52000045776367,34.52000045776367,34.52000045776367,34.52000045776367,34.52000045776367,0,CHTR
2010-06-11,34.25,34.54999923706055,34.25,34.5,34.5,20200,CHTR
2010-06-14,34.75,34.75,34.099998474121094,34.099998474121094,34.099998474121094,15200,CHTR
2010-06-15,34.099998474121094,34.54999923706055,34.0,34.5,34.5,23200,CHTR
2010-06-16,34.5,34.70000076293945,34.5,34.70000076293945,34.70000076293945,1100,CHTR
2010-06-17,34.25,34.95000076293945,34.25,34.75,34.75,24300,CHTR
2010-06-18,34.75,35.25,34.75,35.25,35.25,128800,CHTR
2010-06-21,35.25,35.25,35.25,35.25,35.25,400,CHTR
2010-06-22,35.29999923706055,35.5,35.29999923706055,35.5,35.5,1900,CHTR
2010-06-23,35.650001525878906,35.650001525878906,35.650001525878906,35.650001525878906,35.650001525878906,1300,CHTR
2010-06-24,35.599998474121094,35.599998474121094,35.599998474121094,35.599998474121094,35.599998474121094,200,CHTR
2010-06-25,35.599998474121094,35.599998474121094,35.599998474121094,35.599998474121094,35.599998474121094,0,CHTR
2010-06-28,35.25,35.349998474121094,35.0,35.349998474121094,35.349998474121094,12300,CHTR
2010-06-29,35.29999923706055,35.5,35.150001525878906,35.5,35.5,2700,CHTR
2010-06-30,35.349998474121094,35.349998474121094,35.25,35.29999923706055,35.29999923706055,1000,CHTR
2010-07-01,35.5,35.5,35.5,35.5,35.5,45200,CHTR
2010-07-02,35.45000076293945,35.5,35.45000076293945,35.5,35.5,10400,CHTR
2010-07-06,35.650001525878906,36.5,35.650001525878906,36.5,36.5,2500,CHTR
2010-07-07,36.5,37.0,36.0,36.5,36.5,117400,CHTR
2010-07-08,36.5,36.5,36.0,36.0,36.0,2300,CHTR
2010-07-09,36.25,36.25,36.20000076293945,36.20000076293945,36.20000076293945,10400,CHTR
2010-07-12,36.25,36.25,36.25,36.25,36.25,5000,CHTR
2010-07-13,36.04999923706055,36.25,35.95000076293945,36.04999923706055,36.04999923706055,101400,CHTR
2010-07-14,36.25,36.5,35.54999923706055,35.54999923706055,35.54999923706055,15500,CHTR
2010-07-15,35.599998474121094,35.599998474121094,35.29999923706055,35.45000076293945,35.45000076293945,87100,CHTR
2010-07-16,35.29999923706055,35.400001525878906,34.5,35.400001525878906,35.400001525878906,7700,CHTR
2010-07-19,35.400001525878906,35.849998474121094,35.0,35.0,35.0,20200,CHTR
2010-07-20,35.75,35.75,35.5,35.5,35.5,5800,CHTR
2010-07-21,35.75,35.75,35.25,35.25,35.25,8600,CHTR
2010-07-22,35.25,35.45000076293945,35.04999923706055,35.04999923706055,35.04999923706055,26000,CHTR
2010-07-23,35.70000076293945,35.70000076293945,35.0,35.0,35.0,16000,CHTR
2010-07-26,35.29999923706055,35.5,35.0,35.0,35.0,16700,CHTR
2010-07-27,35.25,35.5,35.25,35.5,35.5,21100,CHTR
2010-07-28,35.75,35.75,35.5,35.5,35.5,300,CHTR
2010-07-29,35.5,36.75,35.5,36.25,36.25,824200,CHTR
2010-07-30,36.5,36.5,36.5,36.5,36.5,105600,CHTR
2010-08-02,36.400001525878906,36.540000915527344,36.400001525878906,36.5,36.5,380200,CHTR
2010-08-03,36.25,36.25,36.25,36.25,36.25,13200,CHTR
2010-08-04,36.25,36.5,36.25,36.5,36.5,30100,CHTR
2010-08-05,36.25,36.25,36.25,36.25,36.25,35500,CHTR
2010-08-06,36.099998474121094,36.25,36.099998474121094,36.25,36.25,25300,CHTR
2010-08-09,36.150001525878906,36.18000030517578,36.099998474121094,36.150001525878906,36.150001525878906,200200,CHTR
2010-08-10,36.25,36.25,36.20000076293945,36.20000076293945,36.20000076293945,138300,CHTR
2010-08-11,36.150001525878906,36.2599983215332,36.099998474121094,36.20000076293945,36.20000076293945,50200,CHTR
2010-08-12,36.20000076293945,36.20000076293945,36.20000076293945,36.20000076293945,36.20000076293945,0,CHTR
2010-08-13,36.20000076293945,36.20000076293945,36.0,36.150001525878906,36.150001525878906,1700,CHTR
2010-08-16,35.75,35.75,35.54999923706055,35.54999923706055,35.54999923706055,5400,CHTR
2010-08-17,35.0,35.54999923706055,35.0,35.04999923706055,35.04999923706055,166600,CHTR
2010-08-18,35.04999923706055,35.04999923706055,35.04999923706055,35.04999923706055,35.04999923706055,0,CHTR
2010-08-19,35.5,35.5,35.099998474121094,35.099998474121094,35.099998474121094,4500,CHTR
2010-08-20,35.5,35.5,35.0,35.0,35.0,50300,CHTR
2010-08-23,35.04999923706055,35.04999923706055,35.0,35.0,35.0,1200,CHTR
2010-08-24,34.75,34.75,34.75,34.75,34.75,200,CHTR
2010-08-25,34.5,34.5,34.5,34.5,34.5,300,CHTR
2010-08-26,34.5,34.5,34.25,34.25,34.25,50400,CHTR
2010-08-27,34.0,34.0,33.75,33.75,33.75,2300,CHTR
2010-08-30,33.75,33.75,33.75,33.75,33.75,0,CHTR
2010-08-31,33.75,33.75,33.75,33.75,33.75,0,CHTR
2010-09-01,34.0,34.5,34.0,34.0,34.0,78100,CHTR
2010-09-02,33.79999923706055,33.79999923706055,33.79999923706055,33.79999923706055,33.79999923706055,200,CHTR
2010-09-03,34.0,34.0,34.0,34.0,34.0,200,CHTR
2010-09-07,34.0,34.0,34.0,34.0,34.0,0,CHTR
2010-09-08,34.0,34.0,34.0,34.0,34.0,0,CHTR
2010-09-09,34.0,34.20000076293945,34.0,34.20000076293945,34.20000076293945,13200,CHTR
2010-09-10,34.20000076293945,34.20000076293945,34.0,34.0,34.0,15400,CHTR
2010-09-13,34.25,35.099998474121094,34.25,35.0,35.0,153700,CHTR
2010-09-14,38.0,38.0,34.5,35.5,35.5,94400,CHTR
2010-09-15,34.060001373291016,34.75,34.060001373291016,34.75,34.75,73000,CHTR
2010-09-16,34.099998474121094,34.599998474121094,33.459999084472656,34.11000061035156,34.11000061035156,35300,CHTR
2010-09-17,34.75,34.75,34.29999923706055,34.5,34.5,9400,CHTR
2010-09-20,34.5,34.5,34.150001525878906,34.5,34.5,80200,CHTR
2010-09-21,33.63999938964844,34.5,33.0,33.84000015258789,33.84000015258789,20500,CHTR
2010-09-22,34.0,34.0,33.0,33.5,33.5,5800,CHTR
2010-09-23,33.029998779296875,33.5,33.029998779296875,33.29999923706055,33.29999923706055,7100,CHTR
2010-09-24,33.56999969482422,34.0,33.0,33.79999923706055,33.79999923706055,6900,CHTR
2010-09-27,33.4900016784668,33.5,33.04999923706055,33.04999923706055,33.04999923706055,20100,CHTR
2010-09-28,33.439998626708984,33.4900016784668,33.439998626708984,33.4900016784668,33.4900016784668,200,CHTR
2010-09-29,33.4900016784668,33.5,33.0,33.34000015258789,33.34000015258789,182900,CHTR
2010-09-30,33.0099983215332,33.029998779296875,32.0099983215332,32.5,32.5,83300,CHTR
2010-10-01,33.5,33.5,32.400001525878906,33.099998474121094,33.099998474121094,47200,CHTR
2010-10-04,33.75,33.75,32.0,32.97999954223633,32.97999954223633,28200,CHTR
2010-10-05,32.970001220703125,33.0,32.209999084472656,32.900001525878906,32.900001525878906,22500,CHTR
2010-10-06,32.40999984741211,32.900001525878906,32.40999984741211,32.41999816894531,32.41999816894531,13900,CHTR
2010-10-07,32.5,32.5,32.099998474121094,32.16999816894531,32.16999816894531,37300,CHTR
2010-10-08,32.5,32.5,32.0,32.0,32.0,16200,CHTR
2010-10-11,32.5,33.0,32.5,32.849998474121094,32.849998474121094,63600,CHTR
2010-10-12,32.81999969482422,33.2400016784668,32.81999969482422,32.900001525878906,32.900001525878906,143700,CHTR
2010-10-13,33.0,33.02000045776367,32.0099983215332,32.5,32.5,113000,CHTR
2010-10-14,32.5,33.20000076293945,32.380001068115234,33.0,33.0,438700,CHTR
2010-10-15,33.29999923706055,33.4900016784668,32.709999084472656,33.290000915527344,33.290000915527344,1233000,CHTR
2010-10-18,33.16999816894531,33.16999816894531,32.310001373291016,32.900001525878906,32.900001525878906,172500,CHTR
2010-10-19,32.75,33.38999938964844,32.599998474121094,33.09000015258789,33.09000015258789,51200,CHTR
2010-10-20,33.18000030517578,33.25,32.869998931884766,32.97999954223633,32.97999954223633,156800,CHTR
2010-10-21,33.0,33.09000015258789,32.349998474121094,32.93000030517578,32.93000030517578,262000,CHTR
2010-10-22,33.0,33.119998931884766,32.93000030517578,33.119998931884766,33.119998931884766,271100,CHTR
2010-10-25,33.02000045776367,33.209999084472656,32.310001373291016,32.5,32.5,28200,CHTR
2010-10-26,32.91999816894531,33.29999923706055,32.61000061035156,32.65999984741211,32.65999984741211,7700,CHTR
2010-10-27,32.5099983215332,32.95000076293945,32.25,32.459999084472656,32.459999084472656,12200,CHTR
2010-10-28,32.470001220703125,32.880001068115234,32.15999984741211,32.470001220703125,32.470001220703125,4100,CHTR
2010-10-29,32.61000061035156,32.61000061035156,31.360000610351562,32.47999954223633,32.47999954223633,22900,CHTR
2010-11-01,33.349998474121094,33.369998931884766,32.029998779296875,32.54999923706055,32.54999923706055,53000,CHTR
2010-11-02,32.61000061035156,32.7400016784668,32.20000076293945,32.5099983215332,32.5099983215332,57400,CHTR
2010-11-03,31.760000228881836,33.9900016784668,31.75,33.349998474121094,33.349998474121094,190500,CHTR
2010-11-04,34.0,36.25,33.619998931884766,35.75,35.75,496100,CHTR
2010-11-05,35.900001525878906,36.349998474121094,34.59000015258789,35.720001220703125,35.720001220703125,63800,CHTR
2010-11-08,35.7599983215332,36.0,35.40999984741211,35.790000915527344,35.790000915527344,48500,CHTR
2010-11-09,35.880001068115234,36.27000045776367,35.75,35.79999923706055,35.79999923706055,112000,CHTR
2010-11-10,35.95000076293945,36.09000015258789,35.400001525878906,35.900001525878906,35.900001525878906,232100,CHTR
2010-11-11,36.349998474121094,37.16999816894531,35.900001525878906,36.0,36.0,123900,CHTR
2010-11-12,35.95000076293945,35.9900016784668,35.08000183105469,35.83000183105469,35.83000183105469,38800,CHTR
2010-11-15,35.959999084472656,36.0,35.779998779296875,35.869998931884766,35.869998931884766,22600,CHTR
2010-11-16,35.869998931884766,36.0,34.7400016784668,35.869998931884766,35.869998931884766,17500,CHTR
2010-11-17,36.0,36.560001373291016,35.40999984741211,35.790000915527344,35.790000915527344,161300,CHTR
2010-11-18,36.09000015258789,36.09000015258789,35.65999984741211,35.810001373291016,35.810001373291016,48500,CHTR
2010-11-19,36.0,36.0,34.95000076293945,35.689998626708984,35.689998626708984,54200,CHTR
2010-11-22,35.41999816894531,35.5099983215332,35.0,35.310001373291016,35.310001373291016,25000,CHTR
2010-11-23,35.06999969482422,35.130001068115234,34.68000030517578,35.04999923706055,35.04999923706055,93300,CHTR
2010-11-24,34.529998779296875,35.2400016784668,34.529998779296875,34.9900016784668,34.9900016784668,14100,CHTR
2010-11-26,34.810001373291016,35.06999969482422,34.540000915527344,34.900001525878906,34.900001525878906,11500,CHTR
2010-11-29,34.529998779296875,34.84000015258789,34.09000015258789,34.09000015258789,34.09000015258789,81800,CHTR
2010-11-30,34.0,34.2599983215332,33.099998474121094,33.52000045776367,33.52000045776367,82300,CHTR
2010-12-01,33.959999084472656,34.84000015258789,33.7400016784668,34.380001068115234,34.380001068115234,121700,CHTR
2010-12-02,32.91999816894531,34.599998474121094,32.83000183105469,34.5,34.5,290000,CHTR
2010-12-03,33.91999816894531,35.13999938964844,33.91999816894531,35.06999969482422,35.06999969482422,46800,CHTR
2010-12-06,34.79999923706055,35.5099983215332,34.79999923706055,35.439998626708984,35.439998626708984,182900,CHTR
2010-12-07,35.43000030517578,36.47999954223633,35.380001068115234,35.7400016784668,35.7400016784668,848100,CHTR
2010-12-08,35.70000076293945,36.0,35.349998474121094,35.91999816894531,35.91999816894531,56500,CHTR
2010-12-09,35.959999084472656,36.0,35.41999816894531,35.70000076293945,35.70000076293945,75800,CHTR
2010-12-10,36.310001373291016,36.380001068115234,35.61000061035156,36.0,36.0,619100,CHTR
2010-12-13,36.560001373291016,37.400001525878906,36.16999816894531,36.810001373291016,36.810001373291016,418800,CHTR
2010-12-14,36.779998779296875,37.150001525878906,36.599998474121094,37.0099983215332,37.0099983215332,307000,CHTR
2010-12-15,36.81999969482422,38.939998626708984,36.81999969482422,38.0,38.0,268900,CHTR
2010-12-16,37.939998626708984,37.939998626708984,37.400001525878906,37.72999954223633,37.72999954223633,144100,CHTR
2010-12-17,37.72999954223633,38.7400016784668,37.41999816894531,38.66999816894531,38.66999816894531,357400,CHTR
2010-12-20,38.83000183105469,39.0,38.0099983215332,38.040000915527344,38.040000915527344,40000,CHTR
2010-12-21,38.040000915527344,38.47999954223633,38.0,38.220001220703125,38.220001220703125,139300,CHTR
2010-12-22,38.22999954223633,38.52000045776367,38.0,38.5,38.5,1046700,CHTR
2010-12-23,38.5,38.5,38.08000183105469,38.11000061035156,38.11000061035156,4000,CHTR
2010-12-27,37.86000061035156,38.20000076293945,37.86000061035156,38.16999816894531,38.16999816894531,5700,CHTR
2010-12-28,38.40999984741211,38.5,38.130001068115234,38.310001373291016,38.310001373291016,11600,CHTR
2010-12-29,38.22999954223633,38.7599983215332,37.970001220703125,38.5,38.5,8900,CHTR
2010-12-30,38.209999084472656,38.599998474121094,38.0,38.5099983215332,38.5099983215332,10100,CHTR
2010-12-31,38.119998931884766,39.0,38.11000061035156,38.939998626708984,38.939998626708984,9800,CHTR
2011-01-03,39.08000183105469,39.20000076293945,38.20000076293945,38.459999084472656,38.459999084472656,57100,CHTR
2011-01-04,38.4900016784668,39.83000183105469,38.349998474121094,39.599998474121094,39.599998474121094,336100,CHTR
2011-01-05,38.540000915527344,39.70000076293945,38.540000915527344,39.56999969482422,39.56999969482422,403000,CHTR
2011-01-06,39.59000015258789,39.810001373291016,39.099998474121094,39.220001220703125,39.220001220703125,53400,CHTR
2011-01-07,39.2599983215332,39.2599983215332,38.38999938964844,39.18000030517578,39.18000030517578,101300,CHTR
2011-01-10,38.91999816894531,39.27000045776367,38.84000015258789,39.150001525878906,39.150001525878906,134900,CHTR
2011-01-11,39.29999923706055,39.29999923706055,38.88999938964844,39.040000915527344,39.040000915527344,86800,CHTR
2011-01-12,39.099998474121094,40.86000061035156,38.7599983215332,39.869998931884766,39.869998931884766,472100,CHTR
2011-01-13,40.0,40.2400016784668,39.7400016784668,40.02000045776367,40.02000045776367,122800,CHTR
2011-01-14,40.04999923706055,41.2599983215332,40.04999923706055,40.93000030517578,40.93000030517578,243900,CHTR
2011-01-18,40.90999984741211,41.040000915527344,40.59000015258789,40.9900016784668,40.9900016784668,36100,CHTR
2011-01-19,41.119998931884766,41.86000061035156,41.0,41.5,41.5,345100,CHTR
2011-01-20,41.5,41.68000030517578,41.06999969482422,41.099998474121094,41.099998474121094,217200,CHTR
2011-01-21,41.209999084472656,41.400001525878906,41.08000183105469,41.130001068115234,41.130001068115234,154300,CHTR
2011-01-24,41.20000076293945,41.540000915527344,41.04999923706055,41.290000915527344,41.290000915527344,92600,CHTR
2011-01-25,41.2400016784668,42.02000045776367,41.08000183105469,41.65999984741211,41.65999984741211,100900,CHTR
2011-01-26,41.27000045776367,42.58000183105469,40.7599983215332,42.2599983215332,42.2599983215332,1024600,CHTR
2011-01-27,42.310001373291016,42.5,42.119998931884766,42.119998931884766,42.119998931884766,19700,CHTR
2011-01-28,42.22999954223633,42.22999954223633,41.220001220703125,42.040000915527344,42.040000915527344,38100,CHTR
2011-01-31,42.2400016784668,42.529998779296875,40.5,42.0,42.0,81400,CHTR
2011-02-01,41.93000030517578,42.0,41.619998931884766,41.63999938964844,41.63999938964844,101100,CHTR
2011-02-02,41.83000183105469,42.0,41.59000015258789,41.619998931884766,41.619998931884766,52900,CHTR
2011-02-03,41.59000015258789,42.09000015258789,41.59000015258789,42.0,42.0,665000,CHTR
2011-02-04,42.11000061035156,42.11000061035156,41.86000061035156,41.9900016784668,41.9900016784668,151500,CHTR
2011-02-07,42.0,42.02000045776367,41.880001068115234,41.9900016784668,41.9900016784668,99800,CHTR
2011-02-08,42.2400016784668,44.20000076293945,41.95000076293945,43.880001068115234,43.880001068115234,744300,CHTR
2011-02-09,43.959999084472656,45.5,43.70000076293945,45.310001373291016,45.310001373291016,687900,CHTR
2011-02-10,45.40999984741211,46.2599983215332,45.15999984741211,46.099998474121094,46.099998474121094,284200,CHTR
2011-02-11,46.060001373291016,47.459999084472656,46.060001373291016,47.0,47.0,837900,CHTR
2011-02-14,46.91999816894531,47.4900016784668,46.779998779296875,47.349998474121094,47.349998474121094,638200,CHTR
2011-02-15,47.04999923706055,47.369998931884766,46.97999954223633,47.099998474121094,47.099998474121094,160700,CHTR
2011-02-16,47.029998779296875,47.20000076293945,45.95000076293945,46.31999969482422,46.31999969482422,266200,CHTR
2011-02-17,46.060001373291016,46.810001373291016,46.04999923706055,46.56999969482422,46.56999969482422,62800,CHTR
2011-02-18,46.630001068115234,46.75,46.099998474121094,46.439998626708984,46.439998626708984,40700,CHTR
2011-02-22,46.2599983215332,46.720001220703125,45.630001068115234,45.689998626708984,45.689998626708984,61100,CHTR
2011-02-23,45.939998626708984,46.84000015258789,44.77000045776367,44.970001220703125,44.970001220703125,86200,CHTR
2011-02-24,45.13999938964844,45.2400016784668,44.7599983215332,45.0,45.0,30800,CHTR
2011-02-25,45.11000061035156,45.599998474121094,44.65999984741211,45.5,45.5,597600,CHTR
2011-02-28,45.970001220703125,46.59000015258789,45.75,45.77000045776367,45.77000045776367,185400,CHTR
2011-03-01,45.54999923706055,48.349998474121094,45.54999923706055,46.93000030517578,46.93000030517578,249600,CHTR
2011-03-02,47.61000061035156,49.689998626708984,46.459999084472656,48.81999969482422,48.81999969482422,333300,CHTR
2011-03-03,48.40999984741211,49.209999084472656,47.56999969482422,47.849998474121094,47.849998474121094,203800,CHTR
2011-03-04,47.34000015258789,48.20000076293945,47.33000183105469,47.9900016784668,47.9900016784668,134900,CHTR
2011-03-07,47.5099983215332,48.75,47.22999954223633,48.220001220703125,48.220001220703125,170600,CHTR
2011-03-08,48.5,48.66999816894531,47.97999954223633,48.150001525878906,48.150001525878906,68700,CHTR
2011-03-09,48.150001525878906,48.45000076293945,47.869998931884766,48.0,48.0,145200,CHTR
2011-03-10,47.58000183105469,47.83000183105469,47.13999938964844,47.47999954223633,47.47999954223633,207500,CHTR
2011-03-11,46.25,48.0,46.2400016784668,47.810001373291016,47.810001373291016,58000,CHTR
2011-03-14,47.709999084472656,47.709999084472656,46.47999954223633,46.52000045776367,46.52000045776367,95500,CHTR
2011-03-15,45.779998779296875,46.13999938964844,45.22999954223633,45.54999923706055,45.54999923706055,76900,CHTR
2011-03-16,45.31999969482422,46.65999984741211,45.31999969482422,45.97999954223633,45.97999954223633,285400,CHTR
2011-03-17,46.029998779296875,47.150001525878906,46.029998779296875,47.04999923706055,47.04999923706055,64300,CHTR
2011-03-18,47.060001373291016,48.59000015258789,47.060001373291016,48.369998931884766,48.369998931884766,414900,CHTR
2011-03-21,48.40999984741211,49.130001068115234,48.119998931884766,48.880001068115234,48.880001068115234,81000,CHTR
2011-03-22,49.61000061035156,49.91999816894531,48.560001373291016,48.66999816894531,48.66999816894531,158300,CHTR
2011-03-23,48.91999816894531,49.34000015258789,48.459999084472656,48.83000183105469,48.83000183105469,68100,CHTR
2011-03-24,49.9900016784668,50.310001373291016,48.720001220703125,49.880001068115234,49.880001068115234,411600,CHTR
2011-03-25,49.7400016784668,50.400001525878906,49.439998626708984,49.810001373291016,49.810001373291016,572500,CHTR
2011-03-28,49.0099983215332,50.02000045776367,49.0099983215332,49.209999084472656,49.209999084472656,247700,CHTR
2011-03-29,49.4900016784668,49.4900016784668,48.88999938964844,49.16999816894531,49.16999816894531,241200,CHTR
2011-03-30,49.470001220703125,49.810001373291016,49.189998626708984,49.4900016784668,49.4900016784668,237000,CHTR
2011-03-31,49.7599983215332,50.689998626708984,49.650001525878906,50.630001068115234,50.630001068115234,345800,CHTR
2011-04-01,51.0099983215332,51.88999938964844,50.95000076293945,51.65999984741211,51.65999984741211,276700,CHTR
2011-04-04,51.84000015258789,52.060001373291016,51.56999969482422,51.9900016784668,51.9900016784668,125800,CHTR
2011-04-05,52.150001525878906,53.02000045776367,51.95000076293945,52.880001068115234,52.880001068115234,178900,CHTR
2011-04-06,54.040000915527344,55.560001373291016,53.97999954223633,55.4900016784668,55.4900016784668,954700,CHTR
2011-04-07,55.41999816894531,55.540000915527344,54.5,55.40999984741211,55.40999984741211,409800,CHTR
2011-04-08,55.41999816894531,55.470001220703125,54.2400016784668,54.810001373291016,54.810001373291016,135700,CHTR
2011-04-11,53.7599983215332,54.61000061035156,52.470001220703125,54.25,54.25,233400,CHTR
2011-04-12,53.83000183105469,54.79999923706055,53.2599983215332,54.75,54.75,228100,CHTR
2011-04-13,54.959999084472656,55.369998931884766,54.650001525878906,54.869998931884766,54.869998931884766,72000,CHTR
2011-04-14,54.20000076293945,55.349998474121094,54.20000076293945,55.279998779296875,55.279998779296875,251700,CHTR
2011-04-15,55.16999816894531,55.58000183105469,55.08000183105469,55.29999923706055,55.29999923706055,206200,CHTR
2011-04-18,54.97999954223633,55.79999923706055,54.4900016784668,54.7400016784668,54.7400016784668,133000,CHTR
2011-04-19,55.040000915527344,55.2400016784668,54.279998779296875,54.7599983215332,54.7599983215332,198100,CHTR
2011-04-20,55.119998931884766,55.439998626708984,54.65999984741211,54.79999923706055,54.79999923706055,164100,CHTR
2011-04-21,55.130001068115234,55.25,54.47999954223633,54.880001068115234,54.880001068115234,127100,CHTR
2011-04-25,54.83000183105469,55.0099983215332,54.56999969482422,54.86000061035156,54.86000061035156,165800,CHTR
2011-04-26,55.0,55.439998626708984,54.79999923706055,55.279998779296875,55.279998779296875,173400,CHTR
2011-04-27,55.29999923706055,56.41999816894531,54.79999923706055,56.119998931884766,56.119998931884766,379000,CHTR
2011-04-28,56.06999969482422,58.689998626708984,56.04999923706055,58.63999938964844,58.63999938964844,345500,CHTR
2011-04-29,58.470001220703125,61.150001525878906,58.02000045776367,58.939998626708984,58.939998626708984,556000,CHTR
2011-05-02,59.0099983215332,60.56999969482422,58.9900016784668,59.29999923706055,59.29999923706055,433300,CHTR
2011-05-03,57.959999084472656,59.9900016784668,57.36000061035156,58.709999084472656,58.709999084472656,173300,CHTR
2011-05-04,58.630001068115234,58.91999816894531,58.099998474121094,58.2599983215332,58.2599983215332,140000,CHTR
2011-05-05,58.040000915527344,58.5099983215332,57.279998779296875,57.529998779296875,57.529998779296875,217800,CHTR
2011-05-06,57.959999084472656,58.47999954223633,57.459999084472656,58.0,58.0,208000,CHTR
2011-05-09,58.099998474121094,58.5,57.4900016784668,57.849998474121094,57.849998474121094,238600,CHTR
2011-05-10,57.13999938964844,58.439998626708984,56.869998931884766,58.33000183105469,58.33000183105469,151300,CHTR
2011-05-11,57.97999954223633,59.22999954223633,57.97999954223633,58.66999816894531,58.66999816894531,232100,CHTR
2011-05-12,58.36000061035156,59.09000015258789,58.290000915527344,59.0,59.0,204400,CHTR
2011-05-13,58.65999984741211,59.060001373291016,57.61000061035156,57.86000061035156,57.86000061035156,174600,CHTR
2011-05-16,57.689998626708984,58.91999816894531,57.43000030517578,57.77000045776367,57.77000045776367,281000,CHTR
2011-05-17,57.52000045776367,57.7400016784668,55.900001525878906,56.18000030517578,56.18000030517578,246900,CHTR
2011-05-18,56.369998931884766,57.689998626708984,56.25,57.36000061035156,57.36000061035156,288900,CHTR
2011-05-19,57.5,57.65999984741211,57.189998626708984,57.619998931884766,57.619998931884766,219500,CHTR
2011-05-20,57.63999938964844,57.63999938964844,56.619998931884766,57.0,57.0,77100,CHTR
2011-05-23,56.599998474121094,56.72999954223633,55.27000045776367,55.790000915527344,55.790000915527344,121700,CHTR
2011-05-24,55.970001220703125,56.59000015258789,55.7599983215332,55.9900016784668,55.9900016784668,133000,CHTR
2011-05-25,55.959999084472656,56.08000183105469,55.33000183105469,55.75,55.75,60800,CHTR
2011-05-26,55.58000183105469,56.54999923706055,55.34000015258789,55.68000030517578,55.68000030517578,136100,CHTR
2011-05-27,55.79999923706055,56.31999969482422,55.79999923706055,56.22999954223633,56.22999954223633,195800,CHTR
2011-05-31,56.599998474121094,58.22999954223633,56.45000076293945,56.4900016784668,56.4900016784668,213100,CHTR
2011-06-01,56.47999954223633,57.290000915527344,56.119998931884766,56.70000076293945,56.70000076293945,216700,CHTR
2011-06-02,56.72999954223633,57.75,56.72999954223633,57.38999938964844,57.38999938964844,189200,CHTR
2011-06-03,56.970001220703125,58.130001068115234,56.849998474121094,57.779998779296875,57.779998779296875,311800,CHTR
2011-06-06,57.04999923706055,57.63999938964844,57.04999923706055,57.380001068115234,57.380001068115234,209500,CHTR
2011-06-07,57.63999938964844,58.400001525878906,57.189998626708984,57.869998931884766,57.869998931884766,404800,CHTR
2011-06-08,57.88999938964844,58.29999923706055,57.5,57.939998626708984,57.939998626708984,349600,CHTR
2011-06-09,57.88999938964844,58.060001373291016,57.599998474121094,57.77000045776367,57.77000045776367,255500,CHTR
2011-06-10,57.75,57.939998626708984,56.63999938964844,57.5,57.5,395400,CHTR
2011-06-13,57.81999969482422,57.869998931884766,51.900001525878906,55.459999084472656,55.459999084472656,985400,CHTR
2011-06-14,55.619998931884766,56.650001525878906,55.470001220703125,55.959999084472656,55.959999084472656,437300,CHTR
2011-06-15,55.5,56.400001525878906,55.349998474121094,55.70000076293945,55.70000076293945,477000,CHTR
2011-06-16,55.650001525878906,56.36000061035156,55.04999923706055,56.0099983215332,56.0099983215332,303800,CHTR
2011-06-17,56.150001525878906,56.9900016784668,55.77000045776367,56.810001373291016,56.810001373291016,1265600,CHTR
2011-06-20,56.560001373291016,56.65999984741211,55.47999954223633,56.029998779296875,56.029998779296875,486900,CHTR
2011-06-21,56.15999984741211,56.81999969482422,55.93000030517578,56.20000076293945,56.20000076293945,431300,CHTR
2011-06-22,56.08000183105469,58.150001525878906,56.08000183105469,57.13999938964844,57.13999938964844,658700,CHTR
2011-06-23,56.97999954223633,57.04999923706055,54.97999954223633,55.52000045776367,55.52000045776367,573900,CHTR
2011-06-24,55.86000061035156,55.93000030517578,53.02000045776367,54.40999984741211,54.40999984741211,6393700,CHTR
2011-06-27,54.36000061035156,54.7599983215332,53.61000061035156,54.09000015258789,54.09000015258789,629600,CHTR
2011-06-28,54.5099983215332,54.88999938964844,53.959999084472656,54.56999969482422,54.56999969482422,362500,CHTR
2011-06-29,54.630001068115234,54.720001220703125,53.970001220703125,54.36000061035156,54.36000061035156,383000,CHTR
2011-06-30,54.52000045776367,54.849998474121094,54.04999923706055,54.2599983215332,54.2599983215332,556600,CHTR
2011-07-01,54.5,55.43000030517578,54.25,55.150001525878906,55.150001525878906,495500,CHTR
2011-07-05,56.66999816894531,58.7599983215332,56.5,57.970001220703125,57.970001220703125,930300,CHTR
2011-07-06,58.290000915527344,59.13999938964844,57.91999816894531,58.97999954223633,58.97999954223633,740200,CHTR
2011-07-07,59.0,59.22999954223633,58.529998779296875,58.540000915527344,58.540000915527344,360700,CHTR
2011-07-08,58.20000076293945,58.88999938964844,57.52000045776367,57.79999923706055,57.79999923706055,477800,CHTR
2011-07-11,57.47999954223633,58.470001220703125,56.130001068115234,56.5099983215332,56.5099983215332,286800,CHTR
2011-07-12,56.31999969482422,57.15999984741211,56.31999969482422,56.720001220703125,56.720001220703125,265300,CHTR
2011-07-13,56.7599983215332,57.349998474121094,56.2400016784668,56.7599983215332,56.7599983215332,244200,CHTR
2011-07-14,56.83000183105469,57.290000915527344,56.5099983215332,56.86000061035156,56.86000061035156,327500,CHTR
2011-07-15,56.959999084472656,57.619998931884766,56.959999084472656,57.34000015258789,57.34000015258789,191500,CHTR
2011-07-18,57.150001525878906,57.279998779296875,55.959999084472656,56.279998779296875,56.279998779296875,207700,CHTR
2011-07-19,56.84000015258789,58.11000061035156,56.84000015258789,57.40999984741211,57.40999984741211,412100,CHTR
2011-07-20,57.7599983215332,59.04999923706055,57.7599983215332,58.779998779296875,58.779998779296875,421800,CHTR
2011-07-21,58.72999954223633,60.0,58.220001220703125,59.5099983215332,59.5099983215332,606500,CHTR
2011-07-22,59.56999969482422,59.959999084472656,59.18000030517578,59.75,59.75,242800,CHTR
2011-07-25,59.54999923706055,59.689998626708984,58.86000061035156,59.119998931884766,59.119998931884766,290000,CHTR
2011-07-26,59.06999969482422,59.369998931884766,58.61000061035156,58.9900016784668,58.9900016784668,106500,CHTR
2011-07-27,58.720001220703125,59.02000045776367,57.15999984741211,57.349998474121094,57.349998474121094,375300,CHTR
2011-07-28,57.349998474121094,58.060001373291016,54.52000045776367,54.7400016784668,54.7400016784668,638200,CHTR
2011-07-29,54.459999084472656,54.459999084472656,53.83000183105469,54.0,54.0,460800,CHTR
2011-08-01,54.0099983215332,56.16999816894531,52.88999938964844,53.279998779296875,53.279998779296875,535500,CHTR
2011-08-02,53.439998626708984,54.400001525878906,50.91999816894531,50.9900016784668,50.9900016784668,849300,CHTR
2011-08-03,51.0099983215332,51.9900016784668,49.709999084472656,51.36000061035156,51.36000061035156,585600,CHTR
2011-08-04,50.68000030517578,50.68000030517578,47.08000183105469,47.08000183105469,47.08000183105469,1069300,CHTR
2011-08-05,48.400001525878906,48.54999923706055,43.029998779296875,46.060001373291016,46.060001373291016,1453800,CHTR
2011-08-08,45.0,45.15999984741211,41.33000183105469,42.060001373291016,42.060001373291016,1830200,CHTR
2011-08-09,42.68000030517578,45.72999954223633,42.459999084472656,45.189998626708984,45.189998626708984,1320900,CHTR
2011-08-10,44.400001525878906,45.68000030517578,43.56999969482422,44.349998474121094,44.349998474121094,583200,CHTR
2011-08-11,44.33000183105469,47.790000915527344,43.66999816894531,46.959999084472656,46.959999084472656,838300,CHTR
2011-08-12,47.290000915527344,48.209999084472656,46.560001373291016,47.22999954223633,47.22999954223633,545100,CHTR
2011-08-15,47.59000015258789,49.56999969482422,47.59000015258789,49.2599983215332,49.2599983215332,766500,CHTR
2011-08-16,48.81999969482422,49.810001373291016,48.439998626708984,48.529998779296875,48.529998779296875,552500,CHTR
2011-08-17,48.72999954223633,49.66999816894531,47.630001068115234,48.45000076293945,48.45000076293945,588400,CHTR
2011-08-18,47.47999954223633,47.93000030517578,45.41999816894531,45.97999954223633,45.97999954223633,510400,CHTR
2011-08-19,45.459999084472656,47.650001525878906,45.459999084472656,46.59000015258789,46.59000015258789,624600,CHTR
2011-08-22,47.54999923706055,47.93000030517578,45.150001525878906,45.290000915527344,45.290000915527344,342500,CHTR
2011-08-23,45.33000183105469,47.59000015258789,44.79999923706055,47.43000030517578,47.43000030517578,984500,CHTR
2011-08-24,47.209999084472656,49.540000915527344,46.66999816894531,47.599998474121094,47.599998474121094,611200,CHTR
2011-08-25,47.9900016784668,48.13999938964844,46.310001373291016,46.4900016784668,46.4900016784668,291300,CHTR
2011-08-26,46.16999816894531,48.06999969482422,44.849998474121094,47.63999938964844,47.63999938964844,357000,CHTR
2011-08-29,48.09000015258789,50.0,47.9900016784668,49.709999084472656,49.709999084472656,607700,CHTR
2011-08-30,49.5099983215332,50.65999984741211,49.0,49.9900016784668,49.9900016784668,350400,CHTR
2011-08-31,50.25,51.68000030517578,49.599998474121094,49.880001068115234,49.880001068115234,395700,CHTR
2011-09-01,49.9900016784668,50.849998474121094,49.540000915527344,49.630001068115234,49.630001068115234,396000,CHTR
2011-09-02,49.130001068115234,49.599998474121094,48.47999954223633,48.880001068115234,48.880001068115234,234000,CHTR
2011-09-06,48.0,48.439998626708984,46.93000030517578,47.90999984741211,47.90999984741211,368400,CHTR
2011-09-07,48.70000076293945,50.27000045776367,48.689998626708984,49.619998931884766,49.619998931884766,225800,CHTR
2011-09-08,49.349998474121094,49.88999938964844,48.650001525878906,48.88999938964844,48.88999938964844,433900,CHTR
2011-09-09,48.459999084472656,48.900001525878906,46.40999984741211,46.709999084472656,46.709999084472656,321400,CHTR
2011-09-12,46.099998474121094,47.130001068115234,45.83000183105469,46.86000061035156,46.86000061035156,339200,CHTR
2011-09-13,47.040000915527344,48.18000030517578,46.63999938964844,47.63999938964844,47.63999938964844,224400,CHTR
2011-09-14,48.040000915527344,49.58000183105469,47.7599983215332,49.22999954223633,49.22999954223633,212800,CHTR
2011-09-15,49.650001525878906,50.0,49.06999969482422,49.43000030517578,49.43000030517578,261600,CHTR
2011-09-16,49.5,49.95000076293945,49.099998474121094,49.34000015258789,49.34000015258789,249300,CHTR
2011-09-19,48.619998931884766,49.349998474121094,47.619998931884766,49.11000061035156,49.11000061035156,184300,CHTR
2011-09-20,49.31999969482422,50.18000030517578,49.31999969482422,49.45000076293945,49.45000076293945,222700,CHTR
2011-09-21,49.380001068115234,50.11000061035156,48.15999984741211,48.15999984741211,48.15999984741211,160600,CHTR
2011-09-22,46.95000076293945,47.709999084472656,45.689998626708984,46.27000045776367,46.27000045776367,187600,CHTR
2011-09-23,46.099998474121094,47.68000030517578,46.099998474121094,47.58000183105469,47.58000183105469,218700,CHTR
2011-09-26,47.880001068115234,49.349998474121094,46.540000915527344,49.209999084472656,49.209999084472656,253300,CHTR
2011-09-27,50.119998931884766,51.22999954223633,49.560001373291016,50.04999923706055,50.04999923706055,252300,CHTR
2011-09-28,50.66999816894531,51.27000045776367,48.9900016784668,49.20000076293945,49.20000076293945,376200,CHTR
2011-09-29,49.93000030517578,50.79999923706055,47.15999984741211,48.119998931884766,48.119998931884766,331500,CHTR
2011-09-30,47.27000045776367,47.849998474121094,46.70000076293945,46.84000015258789,46.84000015258789,241600,CHTR
2011-10-03,46.58000183105469,47.34000015258789,43.65999984741211,43.66999816894531,43.66999816894531,519700,CHTR
2011-10-04,43.09000015258789,45.119998931884766,41.84000015258789,45.099998474121094,45.099998474121094,562700,CHTR
2011-10-05,45.279998779296875,46.779998779296875,44.81999969482422,46.59000015258789,46.59000015258789,389000,CHTR
2011-10-06,46.459999084472656,47.630001068115234,46.040000915527344,47.18000030517578,47.18000030517578,190600,CHTR
2011-10-07,47.470001220703125,47.93000030517578,46.52000045776367,46.630001068115234,46.630001068115234,110900,CHTR
2011-10-10,47.52000045776367,49.0,47.5099983215332,48.650001525878906,48.650001525878906,134200,CHTR
2011-10-11,48.16999816894531,48.93000030517578,48.060001373291016,48.439998626708984,48.439998626708984,187200,CHTR
2011-10-12,48.63999938964844,49.47999954223633,48.63999938964844,49.08000183105469,49.08000183105469,144400,CHTR
2011-10-13,48.61000061035156,49.0099983215332,48.119998931884766,48.56999969482422,48.56999969482422,134600,CHTR
2011-10-14,49.189998626708984,49.439998626708984,48.77000045776367,49.040000915527344,49.040000915527344,69800,CHTR
2011-10-17,48.599998474121094,49.290000915527344,48.540000915527344,49.0,49.0,112900,CHTR
2011-10-18,49.33000183105469,50.59000015258789,48.91999816894531,50.2599983215332,50.2599983215332,205600,CHTR
2011-10-19,50.150001525878906,50.47999954223633,48.65999984741211,48.779998779296875,48.779998779296875,281100,CHTR
2011-10-20,48.79999923706055,49.38999938964844,47.79999923706055,49.0,49.0,196900,CHTR
2011-10-21,49.63999938964844,50.099998474121094,48.90999984741211,49.75,49.75,172900,CHTR
2011-10-24,49.97999954223633,50.599998474121094,49.54999923706055,50.41999816894531,50.41999816894531,263900,CHTR
2011-10-25,50.459999084472656,50.689998626708984,49.130001068115234,49.63999938964844,49.63999938964844,283900,CHTR
2011-10-26,50.18000030517578,50.5099983215332,49.56999969482422,50.220001220703125,50.220001220703125,347300,CHTR
2011-10-27,50.95000076293945,51.97999954223633,49.27000045776367,49.58000183105469,49.58000183105469,505500,CHTR
2011-10-28,49.439998626708984,49.439998626708984,45.150001525878906,45.58000183105469,45.58000183105469,1241400,CHTR
2011-10-31,45.290000915527344,47.209999084472656,45.290000915527344,45.939998626708984,45.939998626708984,790700,CHTR
2011-11-01,45.2400016784668,47.79999923706055,43.97999954223633,46.849998474121094,46.849998474121094,865700,CHTR
2011-11-02,47.0,48.27000045776367,46.97999954223633,48.189998626708984,48.189998626708984,720700,CHTR
2011-11-03,48.70000076293945,50.79999923706055,48.34000015258789,50.65999984741211,50.65999984741211,672900,CHTR
2011-11-04,50.65999984741211,53.15999984741211,50.65999984741211,52.709999084472656,52.709999084472656,673300,CHTR
2011-11-07,52.36000061035156,52.91999816894531,51.470001220703125,52.849998474121094,52.849998474121094,422700,CHTR
2011-11-08,52.939998626708984,53.849998474121094,52.72999954223633,53.45000076293945,53.45000076293945,225600,CHTR
2011-11-09,52.27000045776367,53.369998931884766,51.0,51.22999954223633,51.22999954223633,217900,CHTR
2011-11-10,51.86000061035156,52.7599983215332,51.11000061035156,52.689998626708984,52.689998626708984,231600,CHTR
2011-11-11,53.349998474121094,54.06999969482422,52.970001220703125,53.61000061035156,53.61000061035156,302400,CHTR
2011-11-14,53.45000076293945,53.45000076293945,52.18000030517578,52.45000076293945,52.45000076293945,354100,CHTR
2011-11-15,52.310001373291016,53.380001068115234,52.310001373291016,53.18000030517578,53.18000030517578,442500,CHTR
2011-11-16,52.25,53.61000061035156,51.459999084472656,51.5,51.5,461300,CHTR
2011-11-17,51.4900016784668,52.650001525878906,51.4900016784668,52.20000076293945,52.20000076293945,380900,CHTR
2011-11-18,52.310001373291016,53.150001525878906,51.810001373291016,52.90999984741211,52.90999984741211,387900,CHTR
2011-11-21,52.22999954223633,52.84000015258789,51.68000030517578,52.06999969482422,52.06999969482422,354500,CHTR
2011-11-22,52.02000045776367,52.93000030517578,51.9900016784668,52.459999084472656,52.459999084472656,267900,CHTR
2011-11-23,52.15999984741211,52.38999938964844,50.77000045776367,50.97999954223633,50.97999954223633,295700,CHTR
2011-11-25,50.90999984741211,52.31999969482422,50.90999984741211,51.849998474121094,51.849998474121094,210100,CHTR
2011-11-28,53.09000015258789,53.09000015258789,52.540000915527344,52.75,52.75,473700,CHTR
2011-11-29,52.83000183105469,53.029998779296875,52.29999923706055,52.63999938964844,52.63999938964844,577500,CHTR
2011-11-30,54.119998931884766,54.349998474121094,52.849998474121094,52.869998931884766,52.869998931884766,1685600,CHTR
2011-12-01,52.790000915527344,53.38999938964844,52.36000061035156,52.810001373291016,52.810001373291016,391000,CHTR
2011-12-02,52.619998931884766,53.27000045776367,52.52000045776367,53.08000183105469,53.08000183105469,521400,CHTR
2011-12-05,53.2599983215332,53.58000183105469,51.720001220703125,52.040000915527344,52.040000915527344,389400,CHTR
2011-12-06,51.7400016784668,53.02000045776367,51.720001220703125,52.970001220703125,52.970001220703125,268900,CHTR
2011-12-07,53.08000183105469,53.310001373291016,52.56999969482422,52.939998626708984,52.939998626708984,323000,CHTR
2011-12-08,52.709999084472656,52.86000061035156,51.0,51.16999816894531,51.16999816894531,144000,CHTR
2011-12-09,51.209999084472656,53.0,51.209999084472656,52.939998626708984,52.939998626708984,310000,CHTR
2011-12-12,52.209999084472656,52.97999954223633,51.790000915527344,52.810001373291016,52.810001373291016,215100,CHTR
2011-12-13,53.400001525878906,53.970001220703125,52.470001220703125,52.66999816894531,52.66999816894531,190600,CHTR
2011-12-14,52.97999954223633,53.220001220703125,51.869998931884766,52.540000915527344,52.540000915527344,304700,CHTR
2011-12-15,53.18000030517578,53.650001525878906,52.66999816894531,53.099998474121094,53.099998474121094,355000,CHTR
2011-12-16,53.619998931884766,55.18000030517578,53.45000076293945,54.52000045776367,54.52000045776367,2165100,CHTR
2011-12-19,54.25,54.68000030517578,52.5099983215332,52.7400016784668,52.7400016784668,439900,CHTR
2011-12-20,55.75,56.209999084472656,54.59000015258789,55.41999816894531,55.41999816894531,1534400,CHTR
2011-12-21,55.29999923706055,55.900001525878906,54.88999938964844,55.599998474121094,55.599998474121094,439400,CHTR
2011-12-22,55.790000915527344,56.02000045776367,55.5099983215332,55.7400016784668,55.7400016784668,322300,CHTR
2011-12-23,55.7400016784668,56.599998474121094,55.650001525878906,56.29999923706055,56.29999923706055,833400,CHTR
2011-12-27,56.36000061035156,56.43000030517578,55.9900016784668,56.13999938964844,56.13999938964844,280600,CHTR
2011-12-28,56.22999954223633,56.22999954223633,55.029998779296875,55.959999084472656,55.959999084472656,232500,CHTR
2011-12-29,56.189998626708984,57.27000045776367,56.06999969482422,56.880001068115234,56.880001068115234,701000,CHTR
2011-12-30,57.029998779296875,57.470001220703125,56.54999923706055,56.939998626708984,56.939998626708984,222300,CHTR
2012-01-03,57.52000045776367,57.790000915527344,57.0,57.189998626708984,57.189998626708984,792200,CHTR
2012-01-04,57.0,57.63999938964844,56.70000076293945,56.810001373291016,56.810001373291016,379900,CHTR
2012-01-05,56.77000045776367,57.0,56.130001068115234,56.97999954223633,56.97999954223633,571700,CHTR
2012-01-06,56.9900016784668,56.9900016784668,56.25,56.619998931884766,56.619998931884766,274100,CHTR
2012-01-09,56.75,56.91999816894531,56.31999969482422,56.75,56.75,341700,CHTR
2012-01-10,57.0,57.380001068115234,56.4900016784668,56.65999984741211,56.65999984741211,434700,CHTR
2012-01-11,56.540000915527344,57.119998931884766,56.119998931884766,56.150001525878906,56.150001525878906,362200,CHTR
2012-01-12,56.709999084472656,57.63999938964844,56.22999954223633,57.459999084472656,57.459999084472656,1292200,CHTR
2012-01-13,57.45000076293945,57.650001525878906,56.86000061035156,56.959999084472656,56.959999084472656,350100,CHTR
2012-01-17,57.369998931884766,58.380001068115234,56.779998779296875,56.970001220703125,56.970001220703125,454000,CHTR
2012-01-18,56.90999984741211,56.97999954223633,56.20000076293945,56.439998626708984,56.439998626708984,153100,CHTR
2012-01-19,56.43000030517578,57.470001220703125,56.43000030517578,56.970001220703125,56.970001220703125,425500,CHTR
2012-01-20,56.939998626708984,57.220001220703125,56.5,57.0099983215332,57.0099983215332,286900,CHTR
2012-01-23,57.0099983215332,57.290000915527344,56.04999923706055,57.0,57.0,539500,CHTR
2012-01-24,56.470001220703125,57.369998931884766,56.380001068115234,56.63999938964844,56.63999938964844,510300,CHTR
2012-01-25,56.529998779296875,57.75,56.529998779296875,57.709999084472656,57.709999084472656,594800,CHTR
2012-01-26,58.16999816894531,59.11000061035156,57.97999954223633,58.4900016784668,58.4900016784668,658500,CHTR
2012-01-27,58.09000015258789,58.470001220703125,57.470001220703125,57.61000061035156,57.61000061035156,559600,CHTR
2012-01-30,57.18000030517578,57.2400016784668,56.599998474121094,56.83000183105469,56.83000183105469,344100,CHTR
2012-01-31,57.11000061035156,57.689998626708984,56.91999816894531,57.63999938964844,57.63999938964844,193500,CHTR
2012-02-01,57.959999084472656,58.689998626708984,57.959999084472656,58.279998779296875,58.279998779296875,312800,CHTR
2012-02-02,58.47999954223633,58.689998626708984,57.560001373291016,57.79999923706055,57.79999923706055,154400,CHTR
2012-02-03,58.099998474121094,58.52000045776367,58.0,58.16999816894531,58.16999816894531,321600,CHTR
2012-02-06,57.95000076293945,58.61000061035156,57.779998779296875,58.310001373291016,58.310001373291016,94900,CHTR
2012-02-07,58.2599983215332,58.2599983215332,57.619998931884766,57.84000015258789,57.84000015258789,199000,CHTR
2012-02-08,57.90999984741211,58.15999984741211,57.84000015258789,58.119998931884766,58.119998931884766,391400,CHTR
2012-02-09,58.2599983215332,58.880001068115234,58.04999923706055,58.790000915527344,58.790000915527344,570700,CHTR
2012-02-10,58.439998626708984,58.7599983215332,58.18000030517578,58.59000015258789,58.59000015258789,431700,CHTR
2012-02-13,59.040000915527344,60.150001525878906,58.63999938964844,59.970001220703125,59.970001220703125,677400,CHTR
2012-02-14,59.93000030517578,60.439998626708984,59.369998931884766,60.02000045776367,60.02000045776367,277300,CHTR
2012-02-15,60.439998626708984,62.310001373291016,60.25,62.220001220703125,62.220001220703125,911600,CHTR
2012-02-16,62.310001373291016,62.5099983215332,61.900001525878906,62.5099983215332,62.5099983215332,454000,CHTR
2012-02-17,62.400001525878906,63.0099983215332,62.11000061035156,62.849998474121094,62.849998474121094,247900,CHTR
2012-02-21,62.91999816894531,63.02000045776367,62.41999816894531,62.70000076293945,62.70000076293945,177300,CHTR
2012-02-22,62.91999816894531,63.27000045776367,62.15999984741211,62.720001220703125,62.720001220703125,195900,CHTR
2012-02-23,62.58000183105469,63.599998474121094,62.560001373291016,63.5,63.5,205200,CHTR
2012-02-24,63.59000015258789,63.849998474121094,62.869998931884766,63.43000030517578,63.43000030517578,257800,CHTR
2012-02-27,63.0099983215332,64.38999938964844,61.439998626708984,63.56999969482422,63.56999969482422,462000,CHTR
2012-02-28,63.70000076293945,63.88999938964844,63.0,63.560001373291016,63.560001373291016,416700,CHTR
2012-02-29,63.25,63.81999969482422,62.88999938964844,63.40999984741211,63.40999984741211,359100,CHTR
2012-03-01,63.29999923706055,63.790000915527344,62.86000061035156,63.2400016784668,63.2400016784668,236500,CHTR
2012-03-02,62.900001525878906,63.40999984741211,62.310001373291016,62.560001373291016,62.560001373291016,192000,CHTR
2012-03-05,62.54999923706055,63.0099983215332,62.0,62.349998474121094,62.349998474121094,179200,CHTR
2012-03-06,61.90999984741211,62.189998626708984,60.45000076293945,60.900001525878906,60.900001525878906,293600,CHTR
2012-03-07,61.0099983215332,61.34000015258789,60.47999954223633,60.540000915527344,60.540000915527344,284300,CHTR
2012-03-08,61.08000183105469,61.599998474121094,60.75,61.040000915527344,61.040000915527344,317700,CHTR
2012-03-09,61.36000061035156,61.38999938964844,60.72999954223633,61.09000015258789,61.09000015258789,461700,CHTR
2012-03-12,61.209999084472656,62.5,61.0,62.470001220703125,62.470001220703125,273700,CHTR
2012-03-13,62.619998931884766,63.4900016784668,62.619998931884766,62.88999938964844,62.88999938964844,272000,CHTR
2012-03-14,62.7599983215332,63.59000015258789,62.7599983215332,63.11000061035156,63.11000061035156,236100,CHTR
2012-03-15,63.189998626708984,63.84000015258789,62.75,63.4900016784668,63.4900016784668,214900,CHTR
2012-03-16,63.599998474121094,64.06999969482422,63.189998626708984,63.9900016784668,63.9900016784668,375300,CHTR
2012-03-19,63.7400016784668,64.08000183105469,63.43000030517578,63.970001220703125,63.970001220703125,220500,CHTR
2012-03-20,63.54999923706055,63.61000061035156,63.099998474121094,63.22999954223633,63.22999954223633,285000,CHTR
2012-03-21,63.040000915527344,64.16999816894531,62.90999984741211,64.01000213623047,64.01000213623047,235500,CHTR
2012-03-22,63.68000030517578,64.76000213623047,63.58000183105469,64.62999725341797,64.62999725341797,316100,CHTR
2012-03-23,64.98999786376953,65.31999969482422,64.68000030517578,64.91000366210938,64.91000366210938,531000,CHTR
2012-03-26,65.16999816894531,65.31999969482422,64.27999877929688,64.37000274658203,64.37000274658203,287300,CHTR
2012-03-27,64.52999877929688,64.87999725341797,63.83000183105469,63.97999954223633,63.97999954223633,145300,CHTR
2012-03-28,64.06999969482422,64.06999969482422,63.02000045776367,63.25,63.25,138400,CHTR
2012-03-29,62.84000015258789,63.59000015258789,62.790000915527344,63.11000061035156,63.11000061035156,337000,CHTR
2012-03-30,63.220001220703125,63.630001068115234,62.70000076293945,63.45000076293945,63.45000076293945,433100,CHTR
2012-04-02,63.5,64.7699966430664,63.11000061035156,64.37000274658203,64.37000274658203,223100,CHTR
2012-04-03,64.13999938964844,64.20999908447266,62.95000076293945,63.0099983215332,63.0099983215332,282100,CHTR
2012-04-04,62.5,62.560001373291016,61.38999938964844,61.779998779296875,61.779998779296875,376000,CHTR
2012-04-05,61.52000045776367,62.970001220703125,61.52000045776367,62.7599983215332,62.7599983215332,245200,CHTR
2012-04-09,62.20000076293945,62.34000015258789,61.400001525878906,61.65999984741211,61.65999984741211,219600,CHTR
2012-04-10,61.75,62.209999084472656,59.040000915527344,59.40999984741211,59.40999984741211,449000,CHTR
2012-04-11,59.959999084472656,60.900001525878906,59.47999954223633,60.560001373291016,60.560001373291016,415200,CHTR
2012-04-12,60.7599983215332,61.130001068115234,60.209999084472656,61.060001373291016,61.060001373291016,310100,CHTR
2012-04-13,61.099998474121094,61.220001220703125,60.689998626708984,60.970001220703125,60.970001220703125,243300,CHTR
2012-04-16,61.18000030517578,61.18000030517578,60.15999984741211,60.34000015258789,60.34000015258789,155500,CHTR
2012-04-17,60.779998779296875,61.540000915527344,60.709999084472656,61.310001373291016,61.310001373291016,357600,CHTR
2012-04-18,61.11000061035156,61.2599983215332,60.72999954223633,61.15999984741211,61.15999984741211,194000,CHTR
2012-04-19,61.099998474121094,61.4900016784668,60.79999923706055,61.45000076293945,61.45000076293945,275200,CHTR
2012-04-20,61.650001525878906,62.279998779296875,61.540000915527344,61.959999084472656,61.959999084472656,231300,CHTR
2012-04-23,61.849998474121094,61.869998931884766,60.119998931884766,60.20000076293945,60.20000076293945,486900,CHTR
2012-04-24,60.130001068115234,60.77000045776367,59.83000183105469,60.16999816894531,60.16999816894531,244200,CHTR
2012-04-25,60.72999954223633,60.93000030517578,60.349998474121094,60.630001068115234,60.630001068115234,368600,CHTR
2012-04-26,60.61000061035156,61.13999938964844,60.41999816894531,60.95000076293945,60.95000076293945,293900,CHTR
2012-04-27,61.02000045776367,61.380001068115234,60.349998474121094,60.41999816894531,60.41999816894531,313400,CHTR
2012-04-30,60.470001220703125,60.7400016784668,60.18000030517578,60.470001220703125,60.470001220703125,209100,CHTR
2012-05-01,60.38999938964844,61.400001525878906,60.279998779296875,61.02000045776367,61.02000045776367,644400,CHTR
2012-05-02,60.93000030517578,62.560001373291016,60.93000030517578,62.2400016784668,62.2400016784668,350900,CHTR
2012-05-03,62.31999969482422,62.72999954223633,62.20000076293945,62.349998474121094,62.349998474121094,330700,CHTR
2012-05-04,62.25,62.72999954223633,60.93000030517578,61.56999969482422,61.56999969482422,247200,CHTR
2012-05-07,61.27000045776367,61.880001068115234,60.77000045776367,61.81999969482422,61.81999969482422,347800,CHTR
2012-05-08,61.099998474121094,66.18000030517578,59.95000076293945,64.97000122070312,64.97000122070312,1673600,CHTR
2012-05-09,64.30000305175781,67.83000183105469,62.959999084472656,67.13999938964844,67.13999938964844,1286600,CHTR
2012-05-10,67.2300033569336,68.62000274658203,67.1500015258789,67.69999694824219,67.69999694824219,491000,CHTR
2012-05-11,67.36000061035156,67.94999694824219,66.7300033569336,67.48999786376953,67.48999786376953,519900,CHTR
2012-05-14,66.76000213623047,67.3499984741211,65.91000366210938,66.2300033569336,66.2300033569336,426200,CHTR
2012-05-15,66.5199966430664,66.5199966430664,65.30999755859375,65.48999786376953,65.48999786376953,384500,CHTR
2012-05-16,66.1500015258789,67.22000122070312,65.22000122070312,65.30000305175781,65.30000305175781,728200,CHTR
2012-05-17,65.0999984741211,65.66000366210938,63.290000915527344,63.34000015258789,63.34000015258789,429400,CHTR
2012-05-18,63.900001525878906,63.900001525878906,61.34000015258789,61.68000030517578,61.68000030517578,575000,CHTR
2012-05-21,62.2599983215332,63.72999954223633,61.4900016784668,63.630001068115234,63.630001068115234,447500,CHTR
2012-05-22,64.06999969482422,65.11000061035156,64.0,64.6500015258789,64.6500015258789,1162100,CHTR
2012-05-23,63.95000076293945,64.63999938964844,62.7599983215332,64.61000061035156,64.61000061035156,398000,CHTR
2012-05-24,64.66000366210938,65.04000091552734,63.36000061035156,64.20999908447266,64.20999908447266,437200,CHTR
2012-05-25,64.3499984741211,64.5,63.599998474121094,64.2699966430664,64.2699966430664,386400,CHTR
2012-05-29,64.87999725341797,65.38999938964844,63.7400016784668,64.62999725341797,64.62999725341797,1029000,CHTR
2012-05-30,63.91999816894531,64.43000030517578,63.0,63.189998626708984,63.189998626708984,415000,CHTR
2012-05-31,63.86000061035156,63.86000061035156,61.65999984741211,62.70000076293945,62.70000076293945,2103800,CHTR
2012-06-01,62.400001525878906,62.54999923706055,61.0,61.310001373291016,61.310001373291016,290600,CHTR
2012-06-04,61.5099983215332,61.790000915527344,60.459999084472656,61.279998779296875,61.279998779296875,262000,CHTR
2012-06-05,61.400001525878906,63.540000915527344,61.13999938964844,63.5099983215332,63.5099983215332,787600,CHTR
2012-06-06,63.650001525878906,64.05999755859375,63.130001068115234,63.75,63.75,450700,CHTR
2012-06-07,64.56999969482422,65.5999984741211,63.68000030517578,63.810001373291016,63.810001373291016,676100,CHTR
2012-06-08,63.880001068115234,64.16000366210938,62.959999084472656,64.12000274658203,64.12000274658203,181000,CHTR
2012-06-11,64.41000366210938,64.80000305175781,63.36000061035156,63.38999938964844,63.38999938964844,261400,CHTR
2012-06-12,63.459999084472656,64.79000091552734,63.459999084472656,64.7300033569336,64.7300033569336,596800,CHTR
2012-06-13,64.6500015258789,65.29000091552734,64.04000091552734,64.93000030517578,64.93000030517578,1072700,CHTR
2012-06-14,64.8499984741211,66.0,64.62999725341797,65.88999938964844,65.88999938964844,414500,CHTR
2012-06-15,65.80999755859375,67.05999755859375,65.66000366210938,66.88999938964844,66.88999938964844,439600,CHTR
2012-06-18,66.51000213623047,67.69000244140625,66.38999938964844,67.62999725341797,67.62999725341797,362900,CHTR
2012-06-19,67.9800033569336,69.29000091552734,67.3499984741211,68.9800033569336,68.9800033569336,656300,CHTR
2012-06-20,68.94999694824219,69.97000122070312,68.81999969482422,69.4000015258789,69.4000015258789,637200,CHTR
2012-06-21,69.55000305175781,69.97000122070312,67.29000091552734,67.44000244140625,67.44000244140625,253700,CHTR
2012-06-22,67.51000213623047,68.30999755859375,66.86000061035156,67.91000366210938,67.91000366210938,982700,CHTR
2012-06-25,67.23999786376953,67.77999877929688,66.36000061035156,66.61000061035156,66.61000061035156,522800,CHTR
2012-06-26,66.98999786376953,67.86000061035156,66.51000213623047,67.69999694824219,67.69999694824219,345800,CHTR
2012-06-27,67.95999908447266,70.27999877929688,67.87999725341797,69.6500015258789,69.6500015258789,544800,CHTR
2012-06-28,69.55999755859375,70.0,69.16000366210938,70.0,70.0,263000,CHTR
2012-06-29,70.94999694824219,71.86000061035156,70.30000305175781,70.87000274658203,70.87000274658203,693500,CHTR
2012-07-02,71.12000274658203,72.12000274658203,70.69999694824219,72.05000305175781,72.05000305175781,710800,CHTR
2012-07-03,72.33000183105469,72.52999877929688,71.9000015258789,72.20999908447266,72.20999908447266,141100,CHTR
2012-07-05,71.97000122070312,72.4800033569336,71.13999938964844,72.23999786376953,72.23999786376953,244600,CHTR
2012-07-06,71.66000366210938,72.55000305175781,71.27999877929688,72.08000183105469,72.08000183105469,140600,CHTR
2012-07-09,71.73999786376953,72.41000366210938,71.37999725341797,72.0199966430664,72.0199966430664,232000,CHTR
2012-07-10,72.11000061035156,72.79000091552734,71.87000274658203,72.0999984741211,72.0999984741211,533700,CHTR
2012-07-11,72.08999633789062,72.6500015258789,71.5199966430664,71.58999633789062,71.58999633789062,407500,CHTR
2012-07-12,71.30000305175781,73.33999633789062,70.83000183105469,72.77999877929688,72.77999877929688,472700,CHTR
2012-07-13,72.91999816894531,73.33000183105469,72.69999694824219,72.87000274658203,72.87000274658203,236800,CHTR
2012-07-16,72.73999786376953,72.98999786376953,72.22000122070312,72.52999877929688,72.52999877929688,154300,CHTR
2012-07-17,72.47000122070312,73.6500015258789,72.0999984741211,73.06999969482422,73.06999969482422,292100,CHTR
2012-07-18,72.77999877929688,73.08000183105469,72.51000213623047,72.94999694824219,72.94999694824219,347500,CHTR
2012-07-19,73.0199966430664,75.05000305175781,72.91999816894531,74.80999755859375,74.80999755859375,518300,CHTR
2012-07-20,74.1500015258789,74.81999969482422,73.58999633789062,74.37000274658203,74.37000274658203,293600,CHTR
2012-07-23,73.91999816894531,74.05999755859375,73.1500015258789,73.5199966430664,73.5199966430664,458200,CHTR
2012-07-24,73.5199966430664,73.68000030517578,72.5199966430664,72.91999816894531,72.91999816894531,271500,CHTR
2012-07-25,73.22000122070312,74.38999938964844,72.7699966430664,74.19999694824219,74.19999694824219,546300,CHTR
2012-07-26,75.06999969482422,76.08000183105469,74.48999786376953,75.80000305175781,75.80000305175781,687200,CHTR
2012-07-27,75.95999908447266,76.8499984741211,75.80000305175781,76.3499984741211,76.3499984741211,516900,CHTR
2012-07-30,76.16000366210938,77.66999816894531,76.16000366210938,77.45999908447266,77.45999908447266,726300,CHTR
2012-07-31,77.0,77.80000305175781,76.05999755859375,76.91999816894531,76.91999816894531,529400,CHTR
2012-08-01,77.69999694824219,79.0199966430664,77.48999786376953,78.33999633789062,78.33999633789062,474500,CHTR
2012-08-02,77.97000122070312,78.83000183105469,77.58000183105469,78.30000305175781,78.30000305175781,547400,CHTR
2012-08-03,78.58000183105469,80.22000122070312,78.06999969482422,79.93000030517578,79.93000030517578,526900,CHTR
2012-08-06,80.0,80.0999984741211,77.36000061035156,77.58999633789062,77.58999633789062,718700,CHTR
2012-08-07,77.9000015258789,78.9000015258789,73.5199966430664,76.68000030517578,76.68000030517578,1824400,CHTR
2012-08-08,75.5,76.12000274658203,74.91000366210938,76.01000213623047,76.01000213623047,730300,CHTR
2012-08-09,74.62999725341797,76.25,74.5,75.51000213623047,75.51000213623047,2376000,CHTR
2012-08-10,75.80000305175781,78.36000061035156,75.19999694824219,77.93000030517578,77.93000030517578,726700,CHTR
2012-08-13,77.70999908447266,79.0199966430664,77.16000366210938,78.91000366210938,78.91000366210938,843500,CHTR
2012-08-14,79.01000213623047,80.56999969482422,78.44999694824219,78.5,78.5,1486900,CHTR
2012-08-15,78.73999786376953,80.08999633789062,78.69000244140625,79.80000305175781,79.80000305175781,612400,CHTR
2012-08-16,79.5999984741211,80.0999984741211,78.45999908447266,78.5,78.5,640600,CHTR
2012-08-17,78.83000183105469,79.29000091552734,77.30999755859375,77.80000305175781,77.80000305175781,462400,CHTR
2012-08-20,77.88999938964844,78.25,76.73999786376953,77.87999725341797,77.87999725341797,285400,CHTR
2012-08-21,77.87000274658203,78.62999725341797,77.04000091552734,77.27999877929688,77.27999877929688,299300,CHTR
2012-08-22,77.11000061035156,77.69999694824219,76.73999786376953,77.11000061035156,77.11000061035156,284900,CHTR
2012-08-23,77.1500015258789,77.1500015258789,75.97000122070312,76.37999725341797,76.37999725341797,587900,CHTR
2012-08-24,76.55999755859375,78.12999725341797,76.37999725341797,77.7300033569336,77.7300033569336,324900,CHTR
2012-08-27,78.18000030517578,78.18000030517578,77.23999786376953,77.23999786376953,77.23999786376953,151100,CHTR
2012-08-28,76.93000030517578,77.48999786376953,76.62999725341797,76.76000213623047,76.76000213623047,234300,CHTR
2012-08-29,76.66000366210938,76.98999786376953,75.91000366210938,76.45999908447266,76.45999908447266,313500,CHTR
2012-08-30,76.5,77.23999786376953,76.43000030517578,77.0,77.0,193500,CHTR
2012-08-31,77.05000305175781,78.33000183105469,76.91999816894531,77.80000305175781,77.80000305175781,210600,CHTR
2012-09-04,77.56999969482422,77.80000305175781,76.7300033569336,77.08000183105469,77.08000183105469,301500,CHTR
2012-09-05,77.31999969482422,79.58999633789062,76.94999694824219,78.16000366210938,78.16000366210938,483500,CHTR
2012-09-06,78.75,79.36000061035156,78.0999984741211,79.27999877929688,79.27999877929688,357400,CHTR
2012-09-07,79.05999755859375,79.20999908447266,77.93000030517578,78.1500015258789,78.1500015258789,388200,CHTR
2012-09-10,78.22000122070312,78.66000366210938,77.68000030517578,77.80000305175781,77.80000305175781,272600,CHTR
2012-09-11,78.05999755859375,79.72000122070312,77.37999725341797,78.9000015258789,78.9000015258789,663200,CHTR
2012-09-12,78.86000061035156,82.20999908447266,78.66000366210938,80.19999694824219,80.19999694824219,1048800,CHTR
2012-09-13,79.94000244140625,82.2699966430664,79.70999908447266,81.62999725341797,81.62999725341797,484900,CHTR
2012-09-14,81.54000091552734,83.41000366210938,81.43000030517578,82.54000091552734,82.54000091552734,421800,CHTR
2012-09-17,82.70999908447266,82.73999786376953,80.47000122070312,80.73999786376953,80.73999786376953,389700,CHTR
2012-09-18,80.19999694824219,80.7300033569336,79.80000305175781,79.88999938964844,79.88999938964844,316900,CHTR
2012-09-19,80.0,80.55999755859375,79.16999816894531,80.37999725341797,80.37999725341797,834800,CHTR
2012-09-20,79.94000244140625,80.87000274658203,79.7699966430664,80.27999877929688,80.27999877929688,242500,CHTR
2012-09-21,80.97000122070312,81.8499984741211,78.69999694824219,79.43000030517578,79.43000030517578,921700,CHTR
2012-09-24,77.83000183105469,78.81999969482422,75.66000366210938,76.37000274658203,76.37000274658203,1288600,CHTR
2012-09-25,76.86000061035156,77.0999984741211,75.36000061035156,75.44000244140625,75.44000244140625,703200,CHTR
2012-09-26,75.3499984741211,75.47000122070312,73.01000213623047,74.88999938964844,74.88999938964844,1151500,CHTR
2012-09-27,75.05000305175781,75.88999938964844,74.41999816894531,75.20999908447266,75.20999908447266,656700,CHTR
2012-09-28,75.02999877929688,75.73999786376953,74.06999969482422,75.05999755859375,75.05999755859375,623900,CHTR
2012-10-01,75.33999633789062,76.04000091552734,74.5999984741211,75.01000213623047,75.01000213623047,497800,CHTR
2012-10-02,75.05999755859375,76.76000213623047,75.05999755859375,75.5,75.5,752100,CHTR
2012-10-03,75.8499984741211,77.5,75.5199966430664,76.76000213623047,76.76000213623047,540200,CHTR
2012-10-04,77.12000274658203,77.58999633789062,76.20999908447266,77.37999725341797,77.37999725341797,409700,CHTR
2012-10-05,77.55000305175781,77.77999877929688,76.44000244140625,76.52999877929688,76.52999877929688,421000,CHTR
2012-10-08,76.29000091552734,76.43000030517578,75.44000244140625,76.02999877929688,76.02999877929688,338600,CHTR
2012-10-09,76.16000366210938,76.22000122070312,75.79000091552734,76.08000183105469,76.08000183105469,911000,CHTR
2012-10-10,76.04000091552734,76.80000305175781,75.62000274658203,75.9800033569336,75.9800033569336,337800,CHTR
2012-10-11,76.25,76.86000061035156,75.05000305175781,76.12000274658203,76.12000274658203,461200,CHTR
2012-10-12,75.83000183105469,76.97000122070312,75.56999969482422,76.12999725341797,76.12999725341797,285900,CHTR
2012-10-15,76.0999984741211,77.4000015258789,76.01000213623047,76.7300033569336,76.7300033569336,294200,CHTR
2012-10-16,77.0199966430664,77.2300033569336,76.27999877929688,76.6500015258789,76.6500015258789,515800,CHTR
2012-10-17,76.47000122070312,78.29000091552734,76.47000122070312,77.69000244140625,77.69000244140625,405200,CHTR
2012-10-18,77.30000305175781,78.68000030517578,76.98999786376953,78.51000213623047,78.51000213623047,317300,CHTR
2012-10-19,78.41000366210938,78.58000183105469,77.12000274658203,78.54000091552734,78.54000091552734,854000,CHTR
2012-10-22,78.13999938964844,79.08000183105469,77.61000061035156,78.16999816894531,78.16999816894531,650400,CHTR
2012-10-23,77.22000122070312,79.94999694824219,75.30999755859375,76.19000244140625,76.19000244140625,1179800,CHTR
2012-10-24,76.27999877929688,77.06999969482422,75.63999938964844,76.08999633789062,76.08999633789062,758000,CHTR
2012-10-25,76.91000366210938,77.62000274658203,76.0199966430664,76.19000244140625,76.19000244140625,299800,CHTR
2012-10-26,75.80000305175781,76.7300033569336,75.41999816894531,76.56999969482422,76.56999969482422,432000,CHTR
2012-10-31,76.55000305175781,77.80999755859375,75.98999786376953,77.41000366210938,77.41000366210938,533700,CHTR
2012-11-01,77.19999694824219,77.98999786376953,76.80999755859375,77.75,77.75,599300,CHTR
2012-11-02,77.19999694824219,78.16999816894531,75.01000213623047,75.0999984741211,75.0999984741211,727000,CHTR
2012-11-05,73.0,73.23999786376953,71.06999969482422,72.94000244140625,72.94000244140625,1861800,CHTR
2012-11-06,70.01000213623047,72.61000061035156,70.01000213623047,71.62000274658203,71.62000274658203,2566500,CHTR
2012-11-07,70.8499984741211,71.61000061035156,69.0,69.47000122070312,69.47000122070312,1948800,CHTR
2012-11-08,69.87000274658203,69.95999908447266,68.19999694824219,68.26000213623047,68.26000213623047,704400,CHTR
2012-11-09,68.23999786376953,69.72000122070312,68.0,68.72000122070312,68.72000122070312,512400,CHTR
2012-11-12,69.2699966430664,69.69000244140625,68.37999725341797,69.0,69.0,467000,CHTR
2012-11-13,68.4800033569336,69.1500015258789,68.25,68.94000244140625,68.94000244140625,675100,CHTR
2012-11-14,69.08000183105469,69.11000061035156,67.18000030517578,67.5,67.5,667300,CHTR
2012-11-15,67.5999984741211,68.58000183105469,67.05999755859375,68.54000091552734,68.54000091552734,779000,CHTR
2012-11-16,68.33000183105469,69.9800033569336,68.19999694824219,69.2699966430664,69.2699966430664,524500,CHTR
2012-11-19,69.93000030517578,69.95999908447266,68.48999786376953,68.63999938964844,68.63999938964844,388500,CHTR
2012-11-20,69.11000061035156,71.66999816894531,68.80000305175781,70.30999755859375,70.30999755859375,590700,CHTR
2012-11-21,69.87000274658203,70.8499984741211,69.58999633789062,69.87000274658203,69.87000274658203,1708200,CHTR
2012-11-23,70.19000244140625,70.47000122070312,69.69999694824219,70.0,70.0,196900,CHTR
2012-11-26,70.02999877929688,70.33999633789062,69.36000061035156,70.27999877929688,70.27999877929688,675200,CHTR
2012-11-27,70.19000244140625,70.47000122070312,69.86000061035156,70.29000091552734,70.29000091552734,663000,CHTR
2012-11-28,69.77999877929688,70.5999984741211,69.63999938964844,70.29000091552734,70.29000091552734,567700,CHTR
2012-11-29,71.0999984741211,72.37000274658203,70.33999633789062,71.30999755859375,71.30999755859375,1667700,CHTR
2012-11-30,71.02999877929688,71.45999908447266,70.30000305175781,70.8499984741211,70.8499984741211,1827500,CHTR
2012-12-03,70.8499984741211,70.86000061035156,70.08999633789062,70.44999694824219,70.44999694824219,624600,CHTR
2012-12-04,69.83000183105469,70.93000030517578,69.5999984741211,70.44999694824219,70.44999694824219,1445600,CHTR
2012-12-05,70.12999725341797,70.7699966430664,69.61000061035156,69.73999786376953,69.73999786376953,924300,CHTR
2012-12-06,69.63999938964844,70.37000274658203,68.95999908447266,69.5999984741211,69.5999984741211,700900,CHTR
2012-12-07,69.77999877929688,70.70999908447266,69.5,70.43000030517578,70.43000030517578,923000,CHTR
2012-12-10,70.47000122070312,70.47000122070312,69.27999877929688,69.76000213623047,69.76000213623047,539400,CHTR
2012-12-11,69.76000213623047,69.98999786376953,69.12999725341797,69.58999633789062,69.58999633789062,810300,CHTR
2012-12-12,69.86000061035156,70.31999969482422,69.3499984741211,69.61000061035156,69.61000061035156,669900,CHTR
2012-12-13,69.7300033569336,69.97000122070312,68.61000061035156,69.08000183105469,69.08000183105469,480000,CHTR
2012-12-14,69.01000213623047,69.62000274658203,68.44000244140625,68.68000030517578,68.68000030517578,330600,CHTR
2012-12-17,68.88999938964844,70.97000122070312,68.62999725341797,70.77999877929688,70.77999877929688,1088200,CHTR
2012-12-18,71.02999877929688,74.63999938964844,70.87999725341797,74.13999938964844,74.13999938964844,1568100,CHTR
2012-12-19,74.3499984741211,75.0,72.56999969482422,74.05000305175781,74.05000305175781,1234800,CHTR
2012-12-20,73.94000244140625,74.56999969482422,73.05000305175781,73.20999908447266,73.20999908447266,1223000,CHTR
2012-12-21,72.05000305175781,73.69999694824219,71.66999816894531,73.43000030517578,73.43000030517578,823100,CHTR
2012-12-24,73.73999786376953,73.83999633789062,73.05999755859375,73.43000030517578,73.43000030517578,193900,CHTR
2012-12-26,73.58000183105469,74.62000274658203,72.66999816894531,73.23999786376953,73.23999786376953,415500,CHTR
2012-12-27,73.0199966430664,73.83000183105469,72.45999908447266,73.66999816894531,73.66999816894531,465400,CHTR
2012-12-28,72.9000015258789,74.02999877929688,72.68000030517578,73.58000183105469,73.58000183105469,443400,CHTR
2012-12-31,73.91999816894531,76.69000244140625,73.18000030517578,76.23999786376953,76.23999786376953,758300,CHTR
2013-01-02,77.5,78.66999816894531,77.02999877929688,78.0999984741211,78.0999984741211,872600,CHTR
2013-01-03,78.0,78.95999908447266,77.37000274658203,77.9800033569336,77.9800033569336,558500,CHTR
2013-01-04,78.30999755859375,78.30999755859375,77.36000061035156,77.5999984741211,77.5999984741211,702800,CHTR
2013-01-07,77.18000030517578,77.66999816894531,76.7300033569336,77.4000015258789,77.4000015258789,562200,CHTR
2013-01-08,77.54000091552734,77.56999969482422,76.27999877929688,77.19999694824219,77.19999694824219,482300,CHTR
2013-01-09,77.5,78.75,77.33000183105469,78.5999984741211,78.5999984741211,872100,CHTR
2013-01-10,79.02999877929688,79.19999694824219,78.44999694824219,79.0,79.0,953400,CHTR
2013-01-11,79.0,79.0199966430664,78.08999633789062,78.38999938964844,78.38999938964844,572100,CHTR
2013-01-14,78.27999877929688,78.80000305175781,77.73999786376953,78.18000030517578,78.18000030517578,423900,CHTR
2013-01-15,77.7300033569336,78.70999908447266,77.68000030517578,78.31999969482422,78.31999969482422,282600,CHTR
2013-01-16,78.27999877929688,78.4800033569336,77.94000244140625,78.33999633789062,78.33999633789062,247800,CHTR
2013-01-17,78.55999755859375,79.0999984741211,78.48999786376953,78.94999694824219,78.94999694824219,907600,CHTR
2013-01-18,78.88999938964844,79.05000305175781,78.45999908447266,78.83000183105469,78.83000183105469,566200,CHTR
2013-01-22,79.1500015258789,79.1500015258789,78.48999786376953,78.81999969482422,78.81999969482422,395900,CHTR
2013-01-23,78.41999816894531,79.13999938964844,78.41999816894531,78.94999694824219,78.94999694824219,428300,CHTR
2013-01-24,79.0999984741211,79.77999877929688,78.83999633789062,79.22000122070312,79.22000122070312,753200,CHTR
2013-01-25,79.61000061035156,80.75,79.1500015258789,80.68000030517578,80.68000030517578,928500,CHTR
2013-01-28,80.66000366210938,82.81999969482422,80.4800033569336,82.23999786376953,82.23999786376953,1038100,CHTR
2013-01-29,82.06999969482422,82.23999786376953,81.08999633789062,81.5,81.5,561400,CHTR
2013-01-30,81.45999908447266,82.19999694824219,81.05000305175781,81.62999725341797,81.62999725341797,587300,CHTR
2013-01-31,81.44000244140625,81.94000244140625,77.97000122070312,77.97000122070312,77.97000122070312,2691200,CHTR
2013-02-01,78.05999755859375,78.77999877929688,76.77999877929688,78.04000091552734,78.04000091552734,1907800,CHTR
2013-02-04,77.58000183105469,78.38999938964844,76.58999633789062,76.66999816894531,76.66999816894531,626900,CHTR
2013-02-05,77.26000213623047,83.55000305175781,77.26000213623047,81.52999877929688,81.52999877929688,2305500,CHTR
2013-02-06,78.06999969482422,82.1500015258789,78.06999969482422,81.05000305175781,81.05000305175781,970100,CHTR
2013-02-07,80.70999908447266,82.61000061035156,78.79000091552734,80.62999725341797,80.62999725341797,1183800,CHTR
2013-02-08,80.5,81.66999816894531,80.0199966430664,80.88999938964844,80.88999938964844,410900,CHTR
2013-02-11,80.55999755859375,80.55999755859375,79.18000030517578,79.30999755859375,79.30999755859375,365200,CHTR
2013-02-12,79.55000305175781,80.01000213623047,79.23999786376953,80.0,80.0,444300,CHTR
2013-02-13,80.87000274658203,80.91000366210938,79.68000030517578,80.02999877929688,80.02999877929688,769600,CHTR
2013-02-14,79.94999694824219,80.12999725341797,79.12000274658203,79.4800033569336,79.4800033569336,439200,CHTR
2013-02-15,79.47000122070312,79.66999816894531,79.22000122070312,79.54000091552734,79.54000091552734,680500,CHTR
2013-02-19,79.81999969482422,79.9800033569336,79.06999969482422,79.38999938964844,79.38999938964844,411400,CHTR
2013-02-20,79.48999786376953,79.73999786376953,77.93000030517578,77.98999786376953,77.98999786376953,567500,CHTR
2013-02-21,78.0,78.05000305175781,76.19000244140625,77.02999877929688,77.02999877929688,1125400,CHTR
2013-02-22,79.30999755859375,86.31999969482422,76.25,85.0199966430664,85.0199966430664,4161100,CHTR
2013-02-25,83.88999938964844,85.55999755859375,82.91999816894531,83.30000305175781,83.30000305175781,1602700,CHTR
2013-02-26,83.98999786376953,86.9800033569336,83.33000183105469,86.73999786376953,86.73999786376953,2008800,CHTR
2013-02-27,87.4000015258789,89.13999938964844,85.8499984741211,87.12999725341797,87.12999725341797,1343000,CHTR
2013-02-28,86.94000244140625,87.25,84.20999908447266,86.38999938964844,86.38999938964844,1619200,CHTR
2013-03-01,85.7699966430664,86.91999816894531,85.7699966430664,86.48999786376953,86.48999786376953,1022800,CHTR
2013-03-04,85.91000366210938,87.01000213623047,85.73999786376953,86.98999786376953,86.98999786376953,456600,CHTR
2013-03-05,86.95999908447266,87.66999816894531,86.66999816894531,87.61000061035156,87.61000061035156,859700,CHTR
2013-03-06,88.13999938964844,90.9000015258789,88.01000213623047,89.9800033569336,89.9800033569336,2069600,CHTR
2013-03-07,90.5999984741211,90.5999984741211,89.48999786376953,89.80000305175781,89.80000305175781,791800,CHTR
2013-03-08,90.0,90.33999633789062,86.76000213623047,89.05999755859375,89.05999755859375,2929900,CHTR
2013-03-11,89.13999938964844,89.48999786376953,88.69000244140625,88.94999694824219,88.94999694824219,732300,CHTR
2013-03-12,89.44000244140625,89.63999938964844,88.9000015258789,89.5,89.5,1509100,CHTR
2013-03-13,90.83000183105469,90.94999694824219,89.41000366210938,89.87999725341797,89.87999725341797,1206800,CHTR
2013-03-14,89.87999725341797,90.19000244140625,87.93000030517578,90.11000061035156,90.11000061035156,638800,CHTR
2013-03-15,90.31999969482422,90.7300033569336,89.12000274658203,90.08999633789062,90.08999633789062,1342700,CHTR
2013-03-18,88.93000030517578,99.93000030517578,88.69999694824219,98.04000091552734,98.04000091552734,5333800,CHTR
2013-03-19,99.6500015258789,100.6500015258789,97.87999725341797,100.37999725341797,100.37999725341797,4223400,CHTR
2013-03-20,101.0,106.29000091552734,100.75,105.7699966430664,105.7699966430664,2545700,CHTR
2013-03-21,104.27999877929688,104.9000015258789,101.4800033569336,102.36000061035156,102.36000061035156,2077300,CHTR
2013-03-22,102.5999984741211,103.29000091552734,102.0,103.27999877929688,103.27999877929688,2978900,CHTR
2013-03-25,103.5,103.9000015258789,102.05999755859375,102.44000244140625,102.44000244140625,1376300,CHTR
2013-03-26,102.9000015258789,103.19999694824219,102.31999969482422,102.98999786376953,102.98999786376953,903500,CHTR
2013-03-27,102.62000274658203,105.55000305175781,102.62000274658203,104.29000091552734,104.29000091552734,807300,CHTR
2013-03-28,104.43000030517578,105.06999969482422,103.83999633789062,104.18000030517578,104.18000030517578,586000,CHTR
2013-04-01,104.6500015258789,105.29000091552734,102.95999908447266,103.77999877929688,103.77999877929688,391200,CHTR
2013-04-02,104.47000122070312,105.52999877929688,103.77999877929688,103.80000305175781,103.80000305175781,527900,CHTR
2013-04-03,103.91000366210938,104.13999938964844,101.06999969482422,102.27999877929688,102.27999877929688,1098800,CHTR
2013-04-04,102.5,104.5999984741211,101.79000091552734,104.55000305175781,104.55000305175781,892700,CHTR
2013-04-05,102.66000366210938,105.5,101.5999984741211,105.48999786376953,105.48999786376953,1063100,CHTR
2013-04-08,105.44999694824219,106.9800033569336,103.6500015258789,104.75,104.75,727500,CHTR
2013-04-09,104.83000183105469,105.08999633789062,103.11000061035156,103.58000183105469,103.58000183105469,574000,CHTR
2013-04-10,104.45999908447266,104.83999633789062,102.97000122070312,103.66999816894531,103.66999816894531,767200,CHTR
2013-04-11,103.7699966430664,104.83999633789062,103.29000091552734,104.83999633789062,104.83999633789062,489600,CHTR
2013-04-12,104.19000244140625,105.47000122070312,104.19000244140625,105.05999755859375,105.05999755859375,526300,CHTR
2013-04-15,104.26000213623047,104.26000213623047,102.88999938964844,103.08000183105469,103.08000183105469,425100,CHTR
2013-04-16,104.23999786376953,105.19999694824219,102.94999694824219,104.91000366210938,104.91000366210938,492300,CHTR
2013-04-17,104.63999938964844,105.38999938964844,103.22000122070312,104.02999877929688,104.02999877929688,491100,CHTR
2013-04-18,104.43000030517578,104.43000030517578,101.48999786376953,102.7300033569336,102.7300033569336,962200,CHTR
2013-04-19,103.22000122070312,103.43000030517578,102.44000244140625,103.04000091552734,103.04000091552734,663900,CHTR
2013-04-22,104.0999984741211,104.55000305175781,102.48999786376953,103.8499984741211,103.8499984741211,681500,CHTR
2013-04-23,104.30000305175781,105.56999969482422,103.37999725341797,104.41000366210938,104.41000366210938,619400,CHTR
2013-04-24,104.8499984741211,105.1500015258789,101.0199966430664,103.05000305175781,103.05000305175781,756700,CHTR
2013-04-25,102.79000091552734,103.30000305175781,100.91999816894531,101.11000061035156,101.11000061035156,696800,CHTR
2013-04-26,100.98999786376953,102.63999938964844,100.02999877929688,101.63999938964844,101.63999938964844,445400,CHTR
2013-04-29,102.16999816894531,102.16999816894531,100.70999908447266,101.62000274658203,101.62000274658203,294600,CHTR
2013-04-30,101.37999725341797,101.37999725341797,99.41000366210938,100.73999786376953,100.73999786376953,804600,CHTR
2013-05-01,100.4800033569336,101.72000122070312,100.4800033569336,101.16999816894531,101.16999816894531,614400,CHTR
2013-05-02,101.83000183105469,103.20999908447266,101.27999877929688,103.12999725341797,103.12999725341797,686100,CHTR
2013-05-03,103.88999938964844,105.29000091552734,103.70999908447266,104.61000061035156,104.61000061035156,713300,CHTR
2013-05-06,104.63999938964844,105.7699966430664,104.1500015258789,105.02999877929688,105.02999877929688,875400,CHTR
2013-05-07,104.93000030517578,111.44000244140625,104.93000030517578,109.69000244140625,109.69000244140625,1635800,CHTR
2013-05-08,108.76000213623047,110.48999786376953,107.66000366210938,110.04000091552734,110.04000091552734,1628100,CHTR
2013-05-09,109.16000366210938,110.55000305175781,109.16000366210938,110.12999725341797,110.12999725341797,802600,CHTR
2013-05-10,110.33000183105469,112.0999984741211,110.05999755859375,110.05999755859375,110.05999755859375,1294900,CHTR
2013-05-13,109.91999816894531,112.08999633789062,109.86000061035156,111.6500015258789,111.6500015258789,757500,CHTR
2013-05-14,111.41999816894531,114.02999877929688,111.08999633789062,113.77999877929688,113.77999877929688,1052000,CHTR
2013-05-15,113.81999969482422,114.66999816894531,113.54000091552734,114.52999877929688,114.52999877929688,1090900,CHTR
2013-05-16,114.7300033569336,116.41999816894531,113.25,113.61000061035156,113.61000061035156,1197100,CHTR
2013-05-17,114.63999938964844,114.72000122070312,112.04000091552734,112.13999938964844,112.13999938964844,912900,CHTR
2013-05-20,112.54000091552734,113.30999755859375,111.22000122070312,111.41000366210938,111.41000366210938,702600,CHTR
2013-05-21,111.77999877929688,114.81999969482422,111.37000274658203,114.0,114.0,699400,CHTR
2013-05-22,113.5199966430664,115.12999725341797,112.38999938964844,112.94000244140625,112.94000244140625,907300,CHTR
2013-05-23,111.47000122070312,113.63999938964844,111.47000122070312,113.54000091552734,113.54000091552734,412500,CHTR
2013-05-24,113.04000091552734,113.04000091552734,111.73999786376953,112.8499984741211,112.8499984741211,625200,CHTR
2013-05-28,114.52999877929688,115.44999694824219,113.5999984741211,114.0999984741211,114.0999984741211,621200,CHTR
2013-05-29,113.36000061035156,114.43000030517578,112.5999984741211,112.6500015258789,112.6500015258789,693900,CHTR
2013-05-30,112.95999908447266,113.13999938964844,111.33000183105469,111.80999755859375,111.80999755859375,583500,CHTR
2013-05-31,111.20999908447266,113.38999938964844,111.20999908447266,112.0,112.0,851500,CHTR
2013-06-03,112.73999786376953,112.73999786376953,109.62999725341797,111.62000274658203,111.62000274658203,752700,CHTR
2013-06-04,111.43000030517578,115.41000366210938,111.43000030517578,114.94999694824219,114.94999694824219,1080400,CHTR
2013-06-05,114.62000274658203,116.0999984741211,113.91999816894531,113.91999816894531,113.91999816894531,1209900,CHTR
2013-06-06,113.91999816894531,114.47000122070312,111.47000122070312,112.62999725341797,112.62999725341797,755400,CHTR
2013-06-07,113.36000061035156,114.5999984741211,112.38999938964844,113.91000366210938,113.91000366210938,526100,CHTR
2013-06-10,114.87000274658203,115.1500015258789,112.25,112.52999877929688,112.52999877929688,1077400,CHTR
2013-06-11,111.98999786376953,113.69999694824219,111.16999816894531,112.45999908447266,112.45999908447266,1092800,CHTR
2013-06-12,112.91000366210938,113.80000305175781,111.25,111.38999938964844,111.38999938964844,812500,CHTR
2013-06-13,111.62000274658203,111.94000244140625,110.86000061035156,110.88999938964844,110.88999938964844,1123500,CHTR
2013-06-14,110.66999816894531,117.08999633789062,110.22000122070312,116.61000061035156,116.61000061035156,1596700,CHTR
2013-06-17,117.51000213623047,119.23999786376953,116.61000061035156,117.72000122070312,117.72000122070312,1087300,CHTR
2013-06-18,117.27999877929688,119.8499984741211,116.75,117.94999694824219,117.94999694824219,751900,CHTR
2013-06-19,118.12000274658203,119.0,117.26000213623047,117.80000305175781,117.80000305175781,711400,CHTR
2013-06-20,117.54000091552734,117.63999938964844,113.79000091552734,114.05000305175781,114.05000305175781,865600,CHTR
2013-06-21,114.3499984741211,120.5999984741211,114.3499984741211,119.68000030517578,119.68000030517578,2468700,CHTR
2013-06-24,118.94999694824219,120.7699966430664,116.44999694824219,118.44000244140625,118.44000244140625,1125600,CHTR
2013-06-25,118.94999694824219,119.93000030517578,117.66000366210938,117.7699966430664,117.7699966430664,1330200,CHTR
2013-06-26,118.30999755859375,120.66000366210938,118.0,119.0,119.0,948700,CHTR
2013-06-27,119.75,128.57000732421875,118.93000030517578,123.80999755859375,123.80999755859375,1620500,CHTR
2013-06-28,124.45999908447266,127.02999877929688,123.70999908447266,123.8499984741211,123.8499984741211,2394000,CHTR
2013-07-01,124.19999694824219,125.08000183105469,121.4000015258789,122.22000122070312,122.22000122070312,2122000,CHTR
2013-07-02,123.30999755859375,125.80000305175781,122.55999755859375,125.13999938964844,125.13999938964844,1383600,CHTR
2013-07-03,124.48999786376953,128.10000610351562,124.0999984741211,127.63999938964844,127.63999938964844,730900,CHTR
2013-07-05,128.58999633789062,128.58999633789062,125.5,127.37999725341797,127.37999725341797,656300,CHTR
2013-07-08,127.9000015258789,130.58999633789062,126.47000122070312,127.83999633789062,127.83999633789062,1010400,CHTR
2013-07-09,128.61000061035156,128.8800048828125,125.4800033569336,125.66999816894531,125.66999816894531,934200,CHTR
2013-07-10,125.36000061035156,126.69000244140625,123.66999816894531,125.3499984741211,125.3499984741211,1116100,CHTR
2013-07-11,125.5,126.56999969482422,124.66999816894531,125.19999694824219,125.19999694824219,1246300,CHTR
2013-07-12,125.0,125.98999786376953,124.37000274658203,124.66999816894531,124.66999816894531,849600,CHTR
2013-07-15,124.91000366210938,125.9800033569336,124.58000183105469,124.58000183105469,124.58000183105469,775500,CHTR
2013-07-16,124.4000015258789,125.54000091552734,123.37999725341797,123.81999969482422,123.81999969482422,1273200,CHTR
2013-07-17,124.25,125.52999877929688,123.19000244140625,124.1500015258789,124.1500015258789,1155900,CHTR
2013-07-18,124.66000366210938,125.6500015258789,123.30999755859375,124.56999969482422,124.56999969482422,614300,CHTR
2013-07-19,126.05999755859375,129.50999450683594,126.05999755859375,128.30999755859375,128.30999755859375,2012100,CHTR
2013-07-22,127.87999725341797,128.6199951171875,127.04000091552734,128.19000244140625,128.19000244140625,933400,CHTR
2013-07-23,129.33999633789062,129.9600067138672,126.30999755859375,127.7699966430664,127.7699966430664,1347300,CHTR
2013-07-24,127.7699966430664,129.10000610351562,126.94000244140625,128.22000122070312,128.22000122070312,4731200,CHTR
2013-07-25,128.02000427246094,128.99000549316406,126.86000061035156,127.75,127.75,825100,CHTR
2013-07-26,126.81999969482422,127.36000061035156,125.7300033569336,126.61000061035156,126.61000061035156,544800,CHTR
2013-07-29,126.69999694824219,127.02999877929688,125.1500015258789,125.69000244140625,125.69000244140625,677100,CHTR
2013-07-30,126.08000183105469,126.3499984741211,123.48999786376953,123.77999877929688,123.77999877929688,736900,CHTR
2013-07-31,124.58000183105469,126.6500015258789,123.87000274658203,125.73999786376953,125.73999786376953,792800,CHTR
2013-08-01,125.75,129.5,125.75,127.95999908447266,127.95999908447266,880300,CHTR
2013-08-02,128.0,137.2899932861328,127.19000244140625,134.0,134.0,2570400,CHTR
2013-08-05,132.47999572753906,134.44000244140625,128.66000366210938,130.14999389648438,130.14999389648438,2015000,CHTR
2013-08-06,131.0,133.74000549316406,125.38999938964844,127.05000305175781,127.05000305175781,1224200,CHTR
2013-08-07,126.2699966430664,129.9499969482422,124.66000366210938,129.6300048828125,129.6300048828125,1143400,CHTR
2013-08-08,129.85000610351562,131.0,127.22000122070312,128.05999755859375,128.05999755859375,566500,CHTR
2013-08-09,127.6500015258789,128.5800018310547,126.5199966430664,128.27000427246094,128.27000427246094,506500,CHTR
2013-08-12,127.4800033569336,127.73999786376953,119.41000366210938,126.55999755859375,126.55999755859375,1208500,CHTR
2013-08-13,127.18000030517578,128.5,125.81999969482422,126.0999984741211,126.0999984741211,527900,CHTR
2013-08-14,126.0,126.58000183105469,123.97000122070312,124.45999908447266,124.45999908447266,1049800,CHTR
2013-08-15,123.56999969482422,123.87000274658203,122.31999969482422,123.12000274658203,123.12000274658203,555100,CHTR
2013-08-16,122.77999877929688,123.05999755859375,121.0199966430664,122.5999984741211,122.5999984741211,515000,CHTR
2013-08-19,123.12000274658203,123.98999786376953,122.63999938964844,123.25,123.25,982300,CHTR
2013-08-20,123.30999755859375,125.19999694824219,123.05000305175781,124.88999938964844,124.88999938964844,612900,CHTR
2013-08-21,124.2300033569336,124.66000366210938,122.79000091552734,123.2300033569336,123.2300033569336,418900,CHTR
2013-08-22,122.87000274658203,125.12000274658203,122.87000274658203,123.94999694824219,123.94999694824219,292300,CHTR
2013-08-23,124.7300033569336,125.80000305175781,122.45999908447266,122.69999694824219,122.69999694824219,681400,CHTR
2013-08-26,122.62000274658203,124.37999725341797,121.95999908447266,122.16999816894531,122.16999816894531,406000,CHTR
2013-08-27,121.94000244140625,122.45999908447266,120.83000183105469,121.01000213623047,121.01000213623047,1079100,CHTR
2013-08-28,120.87000274658203,121.58999633789062,119.43000030517578,120.0,120.0,788300,CHTR
2013-08-29,119.27999877929688,121.93000030517578,119.05999755859375,120.9000015258789,120.9000015258789,856000,CHTR
2013-08-30,121.26000213623047,121.94999694824219,120.3499984741211,121.41999816894531,121.41999816894531,538900,CHTR
2013-09-03,122.66000366210938,124.25,122.05000305175781,123.05000305175781,123.05000305175781,753400,CHTR
2013-09-04,123.30999755859375,124.9800033569336,123.30999755859375,124.55999755859375,124.55999755859375,534900,CHTR
2013-09-05,124.44000244140625,125.18000030517578,123.48999786376953,124.66000366210938,124.66000366210938,427500,CHTR
2013-09-06,125.4800033569336,126.20999908447266,123.5999984741211,125.0199966430664,125.0199966430664,457900,CHTR
2013-09-09,125.01000213623047,127.11000061035156,125.01000213623047,126.69999694824219,126.69999694824219,550700,CHTR
2013-09-10,126.94999694824219,128.3800048828125,126.69999694824219,127.44000244140625,127.44000244140625,418000,CHTR
2013-09-11,127.33999633789062,129.2899932861328,125.94000244140625,129.11000061035156,129.11000061035156,461800,CHTR
2013-09-12,128.8000030517578,129.27999877929688,127.58999633789062,128.27999877929688,128.27999877929688,258500,CHTR
2013-09-13,128.92999267578125,129.11000061035156,127.55999755859375,128.75,128.75,185400,CHTR
2013-09-16,130.2100067138672,130.3699951171875,127.66999816894531,129.17999267578125,129.17999267578125,419900,CHTR
2013-09-17,129.42999267578125,131.0,128.86000061035156,130.25999450683594,130.25999450683594,625200,CHTR
2013-09-18,130.11000061035156,133.50999450683594,130.11000061035156,132.38999938964844,132.38999938964844,817900,CHTR
2013-09-19,132.4600067138672,134.63999938964844,132.4600067138672,133.22999572753906,133.22999572753906,783300,CHTR
2013-09-20,133.58999633789062,134.85000610351562,133.2899932861328,133.83999633789062,133.83999633789062,719800,CHTR
2013-09-23,133.33999633789062,134.50999450683594,131.7899932861328,133.44000244140625,133.44000244140625,350100,CHTR
2013-09-24,133.07000732421875,134.5,130.97000122070312,131.14999389648438,131.14999389648438,806400,CHTR
2013-09-25,131.5,134.5800018310547,131.02000427246094,134.00999450683594,134.00999450683594,611000,CHTR
2013-09-26,134.6699981689453,136.32000732421875,134.0,135.99000549316406,135.99000549316406,499600,CHTR
2013-09-27,135.52999877929688,135.77999877929688,133.10000610351562,133.57000732421875,133.57000732421875,552900,CHTR
2013-09-30,132.97000122070312,135.16000366210938,132.69000244140625,134.75999450683594,134.75999450683594,683300,CHTR
2013-10-01,134.8000030517578,136.25,134.4600067138672,135.47000122070312,135.47000122070312,597600,CHTR
2013-10-02,134.19000244140625,135.25,133.30999755859375,133.7899932861328,133.7899932861328,506000,CHTR
2013-10-03,133.41000366210938,133.80999755859375,130.8300018310547,131.5500030517578,131.5500030517578,810400,CHTR
2013-10-04,132.0399932861328,133.30999755859375,131.35000610351562,132.63999938964844,132.63999938964844,748900,CHTR
2013-10-07,131.63999938964844,133.0,131.0,132.49000549316406,132.49000549316406,568600,CHTR
2013-10-08,133.25999450683594,134.27000427246094,131.3000030517578,131.61000061035156,131.61000061035156,820100,CHTR
2013-10-09,132.13999938964844,133.6199951171875,130.05999755859375,131.5,131.5,829300,CHTR
2013-10-10,133.6300048828125,137.3000030517578,133.5399932861328,136.08999633789062,136.08999633789062,605300,CHTR
2013-10-11,135.61000061035156,137.02999877929688,134.63999938964844,136.22999572753906,136.22999572753906,322100,CHTR
2013-10-14,135.49000549316406,137.63999938964844,135.49000549316406,137.19000244140625,137.19000244140625,340300,CHTR
2013-10-15,136.97000122070312,138.25,135.60000610351562,137.44000244140625,137.44000244140625,347800,CHTR
2013-10-16,138.5500030517578,139.27000427246094,136.5500030517578,139.00999450683594,139.00999450683594,515700,CHTR
2013-10-17,138.6999969482422,139.24000549316406,137.00999450683594,137.7100067138672,137.7100067138672,567500,CHTR
2013-10-18,137.63999938964844,138.9199981689453,136.83999633789062,137.30999755859375,137.30999755859375,340700,CHTR
2013-10-21,137.64999389648438,138.27000427246094,135.89999389648438,137.10000610351562,137.10000610351562,212200,CHTR
2013-10-22,137.2899932861328,139.0,135.9199981689453,136.7100067138672,136.7100067138672,282700,CHTR
2013-10-23,136.5399932861328,137.1300048828125,134.8000030517578,135.22000122070312,135.22000122070312,362800,CHTR
2013-10-24,135.74000549316406,138.33999633789062,134.75,137.97000122070312,137.97000122070312,361800,CHTR
2013-10-25,138.10000610351562,139.39999389648438,137.0,138.5800018310547,138.5800018310547,351400,CHTR
2013-10-28,138.80999755859375,139.22000122070312,135.8800048828125,136.5399932861328,136.5399932861328,431600,CHTR
2013-10-29,136.57000732421875,137.24000549316406,135.89999389648438,137.22999572753906,137.22999572753906,265600,CHTR
2013-10-30,144.02000427246094,144.02000427246094,134.3000030517578,135.02000427246094,135.02000427246094,301700,CHTR
2013-10-31,135.05999755859375,137.9199981689453,133.55999755859375,134.0399932861328,134.0399932861328,1003200,CHTR
2013-11-01,134.6999969482422,138.1999969482422,134.08999633789062,138.07000732421875,138.07000732421875,1108400,CHTR
2013-11-04,139.13999938964844,139.13999938964844,134.5800018310547,135.77000427246094,135.77000427246094,536700,CHTR
2013-11-05,135.97999572753906,135.97999572753906,129.55999755859375,131.05999755859375,131.05999755859375,1586000,CHTR
2013-11-06,130.94000244140625,131.3300018310547,128.1999969482422,128.9199981689453,128.9199981689453,1536400,CHTR
2013-11-07,129.05999755859375,129.64999389648438,126.25,127.47000122070312,127.47000122070312,1302200,CHTR
2013-11-08,127.5999984741211,128.91000366210938,126.93000030517578,128.05999755859375,128.05999755859375,933600,CHTR
2013-11-11,127.93000030517578,128.1999969482422,125.68000030517578,127.04000091552734,127.04000091552734,772300,CHTR
2013-11-12,127.0,128.64999389648438,126.05999755859375,128.4600067138672,128.4600067138672,798000,CHTR
2013-11-13,127.33000183105469,128.85000610351562,126.51000213623047,128.75999450683594,128.75999450683594,485000,CHTR
2013-11-14,129.0,129.02999877929688,127.76000213623047,128.07000732421875,128.07000732421875,513300,CHTR
2013-11-15,128.42999267578125,129.0500030517578,127.9000015258789,128.69000244140625,128.69000244140625,740700,CHTR
2013-11-18,129.3300018310547,130.75,128.6999969482422,129.5399932861328,129.5399932861328,942600,CHTR
2013-11-19,129.61000061035156,130.30999755859375,128.86000061035156,129.07000732421875,129.07000732421875,808800,CHTR
2013-11-20,129.0,129.75,126.75,126.95999908447266,126.95999908447266,735300,CHTR
2013-11-21,127.01000213623047,128.02000427246094,126.30000305175781,126.95999908447266,126.95999908447266,645500,CHTR
2013-11-22,131.0,134.97999572753906,126.80000305175781,134.66000366210938,134.66000366210938,3642700,CHTR
2013-11-25,135.1699981689453,136.38999938964844,133.33999633789062,134.2899932861328,134.2899932861328,751700,CHTR
2013-11-26,134.08999633789062,137.41000366210938,133.1199951171875,136.1199951171875,136.1199951171875,1180000,CHTR
2013-11-27,136.0399932861328,136.58999633789062,133.24000549316406,134.97999572753906,134.97999572753906,1765900,CHTR
2013-11-29,136.22999572753906,136.22999572753906,134.25999450683594,135.10000610351562,135.10000610351562,660500,CHTR
2013-12-02,134.83999633789062,135.5399932861328,132.4600067138672,132.72000122070312,132.72000122070312,1126700,CHTR
2013-12-03,132.10000610351562,132.7100067138672,128.69000244140625,129.30999755859375,129.30999755859375,1144100,CHTR
2013-12-04,128.6999969482422,130.3800048828125,127.3499984741211,129.42999267578125,129.42999267578125,990000,CHTR
2013-12-05,129.10000610351562,129.77000427246094,126.4800033569336,127.2699966430664,127.2699966430664,1183800,CHTR
2013-12-06,129.4499969482422,129.97000122070312,126.95999908447266,127.75,127.75,938100,CHTR
2013-12-09,127.80000305175781,128.25,126.30999755859375,128.16000366210938,128.16000366210938,964100,CHTR
2013-12-10,128.3800048828125,132.9600067138672,128.25,131.75,131.75,1353500,CHTR
2013-12-11,132.0500030517578,132.77000427246094,130.24000549316406,130.82000732421875,130.82000732421875,686500,CHTR
2013-12-12,130.58999633789062,132.63999938964844,130.58999633789062,131.99000549316406,131.99000549316406,665200,CHTR
2013-12-13,132.75,135.86000061035156,130.99000549316406,131.5399932861328,131.5399932861328,2305100,CHTR
2013-12-16,131.11000061035156,132.3300018310547,130.5800018310547,131.36000061035156,131.36000061035156,1023500,CHTR
2013-12-17,131.8800048828125,131.9199981689453,129.97000122070312,130.11000061035156,130.11000061035156,1000800,CHTR
2013-12-18,130.50999450683594,130.89999389648438,128.64999389648438,130.33999633789062,130.33999633789062,643200,CHTR
2013-12-19,129.74000549316406,130.91000366210938,128.22999572753906,129.1199951171875,129.1199951171875,986300,CHTR
2013-12-20,129.5399932861328,131.00999450683594,128.85000610351562,130.02000427246094,130.02000427246094,1140200,CHTR
2013-12-23,130.77000427246094,131.44000244140625,129.44000244140625,131.39999389648438,131.39999389648438,329600,CHTR
2013-12-24,131.1199951171875,132.88999938964844,129.9499969482422,132.27000427246094,132.27000427246094,251800,CHTR
2013-12-26,132.27000427246094,132.6199951171875,131.1699981689453,132.16000366210938,132.16000366210938,291900,CHTR
2013-12-27,132.3300018310547,134.19000244140625,131.44000244140625,133.5,133.5,428100,CHTR
2013-12-30,133.8300018310547,135.10000610351562,132.7100067138672,134.17999267578125,134.17999267578125,367600,CHTR
2013-12-31,134.05999755859375,136.75999450683594,134.05999755859375,136.75999450683594,136.75999450683594,454700,CHTR
2014-01-02,137.14999389648438,137.67999267578125,134.47999572753906,134.75999450683594,134.75999450683594,1119900,CHTR
2014-01-03,134.86000061035156,135.3000030517578,133.02000427246094,133.3699951171875,133.3699951171875,678500,CHTR
2014-01-06,133.99000549316406,137.02000427246094,133.75,135.0,135.0,660500,CHTR
2014-01-07,135.25999450683594,138.25,135.1300048828125,138.0800018310547,138.0800018310547,1026300,CHTR
2014-01-08,137.9199981689453,138.27999877929688,135.9199981689453,136.08999633789062,136.08999633789062,941900,CHTR
2014-01-09,136.3300018310547,136.99000549316406,135.14999389648438,136.00999450683594,136.00999450683594,1095200,CHTR
2014-01-10,136.33999633789062,137.25,135.0,136.4199981689453,136.4199981689453,786600,CHTR
2014-01-13,135.92999267578125,136.3800048828125,133.47999572753906,134.22000122070312,134.22000122070312,914700,CHTR
2014-01-14,134.83999633789062,137.6300048828125,134.1300048828125,137.33999633789062,137.33999633789062,1763500,CHTR
2014-01-15,137.5,137.89999389648438,134.9499969482422,136.0399932861328,136.0399932861328,1375600,CHTR
2014-01-16,136.25999450683594,137.39999389648438,132.44000244140625,134.9600067138672,134.9600067138672,938700,CHTR
2014-01-17,134.55999755859375,135.52000427246094,134.0,134.2899932861328,134.2899932861328,985200,CHTR
2014-01-21,134.2899932861328,135.19000244140625,133.19000244140625,133.5,133.5,1161400,CHTR
2014-01-22,133.5399932861328,135.14999389648438,132.60000610351562,135.0,135.0,629400,CHTR
2014-01-23,134.5800018310547,134.72999572753906,133.11000061035156,133.4600067138672,133.4600067138672,722200,CHTR
2014-01-24,132.41000366210938,133.55999755859375,130.5800018310547,131.4199981689453,131.4199981689453,1314000,CHTR
2014-01-27,131.30999755859375,140.74000549316406,131.30999755859375,136.9199981689453,136.9199981689453,4419800,CHTR
2014-01-28,137.85000610351562,139.4600067138672,136.33999633789062,136.64999389648438,136.64999389648438,1203900,CHTR
2014-01-29,135.8699951171875,138.9499969482422,135.27000427246094,138.24000549316406,138.24000549316406,3020200,CHTR
2014-01-30,138.4600067138672,139.77999877929688,137.42999267578125,138.77000427246094,138.77000427246094,1301000,CHTR
2014-01-31,137.10000610351562,138.72000122070312,136.83999633789062,137.0,137.0,1355000,CHTR
2014-02-03,137.72999572753906,140.24000549316406,135.02000427246094,136.1199951171875,136.1199951171875,1477200,CHTR
2014-02-04,136.85000610351562,139.32000732421875,136.14999389648438,138.86000061035156,138.86000061035156,1860100,CHTR
2014-02-05,138.75,138.8000030517578,136.9499969482422,137.35000610351562,137.35000610351562,802700,CHTR
2014-02-06,138.1999969482422,138.69000244140625,136.41000366210938,136.5,136.5,1443200,CHTR
2014-02-07,137.1300048828125,138.5500030517578,136.82000732421875,137.5,137.5,2632500,CHTR
2014-02-10,137.9600067138672,138.22999572753906,137.27999877929688,137.6199951171875,137.6199951171875,1699300,CHTR
2014-02-11,137.50999450683594,139.4499969482422,137.00999450683594,137.89999389648438,137.89999389648438,1814800,CHTR
2014-02-12,138.3000030517578,139.1300048828125,137.13999938964844,137.57000732421875,137.57000732421875,1664900,CHTR
2014-02-13,124.94000244140625,130.0,124.76000213623047,128.91000366210938,128.91000366210938,9910600,CHTR
2014-02-14,128.7100067138672,129.41000366210938,126.75,129.35000610351562,129.35000610351562,2924000,CHTR
2014-02-18,128.33999633789062,133.00999450683594,128.33999633789062,131.5,131.5,1617200,CHTR
2014-02-19,131.1300048828125,131.99000549316406,129.0,130.44000244140625,130.44000244140625,2774200,CHTR
2014-02-20,130.85000610351562,133.17999267578125,130.5800018310547,131.83999633789062,131.83999633789062,1592500,CHTR
2014-02-21,132.02000427246094,132.02000427246094,124.0,125.08000183105469,125.08000183105469,5432300,CHTR
2014-02-24,125.0,127.05999755859375,122.5,123.58000183105469,123.58000183105469,3138200,CHTR
2014-02-25,123.37000274658203,123.95999908447266,120.5,121.33999633789062,121.33999633789062,2933900,CHTR
2014-02-26,121.76000213623047,122.37000274658203,120.86000061035156,121.25,121.25,2090700,CHTR
2014-02-27,121.79000091552734,124.44000244140625,121.5,124.13999938964844,124.13999938964844,1335600,CHTR
2014-02-28,124.06999969482422,127.08999633789062,124.0199966430664,126.7699966430664,126.7699966430664,2532900,CHTR
2014-03-03,125.4000015258789,125.69000244140625,122.30000305175781,125.69000244140625,125.69000244140625,1535400,CHTR
2014-03-04,126.19000244140625,128.3300018310547,125.55000305175781,128.22000122070312,128.22000122070312,1912500,CHTR
2014-03-05,128.39999389648438,129.61000061035156,126.86000061035156,127.41000366210938,127.41000366210938,1858800,CHTR
2014-03-06,127.0999984741211,128.0800018310547,125.80999755859375,126.63999938964844,126.63999938964844,1580300,CHTR
2014-03-07,128.66000366210938,128.99000549316406,125.47000122070312,127.0,127.0,1838600,CHTR
2014-03-10,128.27000427246094,129.75,126.18000030517578,128.5399932861328,128.5399932861328,1100900,CHTR
2014-03-11,128.1999969482422,129.14999389648438,127.36000061035156,127.73999786376953,127.73999786376953,1181700,CHTR
2014-03-12,127.22000122070312,128.82000732421875,126.0,127.2699966430664,127.2699966430664,912000,CHTR
2014-03-13,127.4000015258789,127.4000015258789,125.05000305175781,125.72000122070312,125.72000122070312,687400,CHTR
2014-03-14,126.5,127.68000030517578,125.97000122070312,127.0,127.0,919200,CHTR
2014-03-17,127.80000305175781,128.25999450683594,126.0,126.48999786376953,126.48999786376953,713900,CHTR
2014-03-18,126.66000366210938,128.0500030517578,125.80000305175781,125.98999786376953,125.98999786376953,831200,CHTR
2014-03-19,125.5999984741211,126.56999969482422,124.87000274658203,126.47000122070312,126.47000122070312,748100,CHTR
2014-03-20,126.0199966430664,127.33000183105469,125.51000213623047,126.69999694824219,126.69999694824219,1068600,CHTR
2014-03-21,127.41999816894531,127.97000122070312,126.31999969482422,127.25,127.25,1472200,CHTR
2014-03-24,127.37999725341797,127.52999877929688,124.79000091552734,125.75,125.75,1155500,CHTR
2014-03-25,126.16999816894531,126.72000122070312,123.79000091552734,124.12000274658203,124.12000274658203,722000,CHTR
2014-03-26,124.55000305175781,125.91999816894531,122.9800033569336,123.11000061035156,123.11000061035156,1389400,CHTR
2014-03-27,122.66999816894531,124.41000366210938,120.75,121.26000213623047,121.26000213623047,1585800,CHTR
2014-03-28,123.20999908447266,124.51000213623047,122.2699966430664,122.41000366210938,122.41000366210938,1299800,CHTR
2014-03-31,123.37999725341797,125.08000183105469,121.6500015258789,123.19999694824219,123.19999694824219,821700,CHTR
2014-04-01,123.70999908447266,125.86000061035156,123.38999938964844,125.63999938964844,125.63999938964844,867900,CHTR
2014-04-02,128.10000610351562,128.10000610351562,125.47000122070312,126.5,126.5,549200,CHTR
2014-04-03,126.4000015258789,127.1500015258789,124.2300033569336,124.9000015258789,124.9000015258789,980600,CHTR
2014-04-04,125.86000061035156,125.86000061035156,122.44999694824219,122.72000122070312,122.72000122070312,895200,CHTR
2014-04-07,123.23999786376953,123.91000366210938,118.38999938964844,118.94000244140625,118.94000244140625,1645400,CHTR
2014-04-08,119.01000213623047,121.52999877929688,117.19999694824219,121.1500015258789,121.1500015258789,1296800,CHTR
2014-04-09,121.94999694824219,124.1500015258789,121.36000061035156,124.04000091552734,124.04000091552734,998500,CHTR
2014-04-10,123.4800033569336,125.0,120.81999969482422,121.98999786376953,121.98999786376953,864500,CHTR
2014-04-11,120.66000366210938,121.87000274658203,118.33000183105469,118.45999908447266,118.45999908447266,1203300,CHTR
2014-04-14,119.47000122070312,120.77999877929688,118.20999908447266,119.41000366210938,119.41000366210938,1002400,CHTR
2014-04-15,119.6500015258789,120.13999938964844,116.77999877929688,118.06999969482422,118.06999969482422,812700,CHTR
2014-04-16,118.86000061035156,119.70999908447266,117.48999786376953,118.11000061035156,118.11000061035156,1249800,CHTR
2014-04-17,117.0999984741211,118.43000030517578,116.9000015258789,117.83000183105469,117.83000183105469,1726600,CHTR
2014-04-21,120.61000061035156,125.06999969482422,120.41000366210938,123.61000061035156,123.61000061035156,1307500,CHTR
2014-04-22,123.73999786376953,127.41999816894531,123.43000030517578,126.95999908447266,126.95999908447266,1961700,CHTR
2014-04-23,128.00999450683594,129.0,126.88999938964844,128.10000610351562,128.10000610351562,1736300,CHTR
2014-04-24,128.97000122070312,130.94000244140625,127.83999633789062,130.49000549316406,130.49000549316406,2178400,CHTR
2014-04-25,129.92999267578125,130.38999938964844,128.25999450683594,130.00999450683594,130.00999450683594,1911700,CHTR
2014-04-28,132.33999633789062,142.6999969482422,132.33999633789062,140.0500030517578,140.0500030517578,7014400,CHTR
2014-04-29,139.35000610351562,139.86000061035156,135.2899932861328,137.14999389648438,137.14999389648438,2275600,CHTR
2014-04-30,135.1999969482422,137.82000732421875,134.80999755859375,135.52999877929688,135.52999877929688,1843200,CHTR
2014-05-01,135.36000061035156,137.61000061035156,134.30999755859375,136.67999267578125,136.67999267578125,1386300,CHTR
2014-05-02,137.89999389648438,138.27999877929688,136.13999938964844,137.2100067138672,137.2100067138672,711900,CHTR
2014-05-05,136.77000427246094,138.55999755859375,136.36000061035156,138.41000366210938,138.41000366210938,665600,CHTR
2014-05-06,138.0500030517578,139.52000427246094,137.61000061035156,138.4199981689453,138.4199981689453,966500,CHTR
2014-05-07,138.8300018310547,139.7899932861328,138.0,139.52000427246094,139.52000427246094,1290700,CHTR
2014-05-08,139.58999633789062,139.7899932861328,136.1199951171875,137.41000366210938,137.41000366210938,1236000,CHTR
2014-05-09,137.41000366210938,138.8800048828125,136.41000366210938,137.9499969482422,137.9499969482422,691400,CHTR
2014-05-12,138.8699951171875,139.05999755859375,136.1999969482422,137.07000732421875,137.07000732421875,1147400,CHTR
2014-05-13,137.39999389648438,137.39999389648438,135.1300048828125,136.6199951171875,136.6199951171875,1853600,CHTR
2014-05-14,136.27000427246094,136.83999633789062,135.11000061035156,136.14999389648438,136.14999389648438,1461700,CHTR
2014-05-15,135.8000030517578,137.14999389648438,134.13999938964844,136.91000366210938,136.91000366210938,1005700,CHTR
2014-05-16,137.02000427246094,138.0500030517578,135.83999633789062,137.4600067138672,137.4600067138672,508700,CHTR
2014-05-19,136.16000366210938,138.9499969482422,136.16000366210938,138.67999267578125,138.67999267578125,765900,CHTR
2014-05-20,138.77000427246094,140.17999267578125,137.8000030517578,138.9600067138672,138.9600067138672,759400,CHTR
2014-05-21,139.14999389648438,139.67999267578125,138.07000732421875,138.55999755859375,138.55999755859375,621200,CHTR
2014-05-22,138.77000427246094,139.5399932861328,137.63999938964844,138.1699981689453,138.1699981689453,754100,CHTR
2014-05-23,138.75999450683594,141.27999877929688,138.38999938964844,140.58999633789062,140.58999633789062,663400,CHTR
2014-05-27,140.64999389648438,143.25,140.4199981689453,142.91000366210938,142.91000366210938,1132600,CHTR
2014-05-28,143.3300018310547,144.58999633789062,141.22000122070312,143.58999633789062,143.58999633789062,852500,CHTR
2014-05-29,143.75,144.42999267578125,142.0,142.7100067138672,142.7100067138672,860900,CHTR
2014-05-30,144.49000549316406,144.49000549316406,141.5,143.13999938964844,143.13999938964844,1462600,CHTR
2014-06-02,142.88999938964844,148.1199951171875,142.85000610351562,147.14999389648438,147.14999389648438,1639400,CHTR
2014-06-03,146.75999450683594,148.0500030517578,146.61000061035156,147.22000122070312,147.22000122070312,1093100,CHTR
2014-06-04,146.66000366210938,147.7899932861328,145.83999633789062,147.47999572753906,147.47999572753906,477100,CHTR
2014-06-05,147.39999389648438,148.3800048828125,145.94000244140625,147.6199951171875,147.6199951171875,438600,CHTR
2014-06-06,148.9600067138672,149.75,146.49000549316406,148.8699951171875,148.8699951171875,1016200,CHTR
2014-06-09,148.5,149.8000030517578,148.1999969482422,148.72999572753906,148.72999572753906,1007200,CHTR
2014-06-10,148.25,149.1300048828125,147.61000061035156,148.88999938964844,148.88999938964844,1161700,CHTR
2014-06-11,148.25999450683594,149.1999969482422,147.36000061035156,149.1999969482422,149.1999969482422,762700,CHTR
2014-06-12,149.11000061035156,149.82000732421875,147.4499969482422,147.7899932861328,147.7899932861328,751200,CHTR
2014-06-13,148.52999877929688,148.52999877929688,147.11000061035156,148.2100067138672,148.2100067138672,747800,CHTR
2014-06-16,148.35000610351562,148.75,147.17999267578125,148.5,148.5,639200,CHTR
2014-06-17,148.77000427246094,149.0800018310547,147.74000549316406,148.0,148.0,516500,CHTR
2014-06-18,148.32000732421875,149.1699981689453,147.4600067138672,148.64999389648438,148.64999389648438,1016300,CHTR
2014-06-19,149.02999877929688,149.3800048828125,148.02000427246094,148.25,148.25,900300,CHTR
2014-06-20,149.0800018310547,150.6699981689453,148.17999267578125,150.50999450683594,150.50999450683594,1035100,CHTR
2014-06-23,151.75,154.6300048828125,151.0,151.6300048828125,151.6300048828125,1145700,CHTR
2014-06-24,152.32000732421875,153.27999877929688,150.50999450683594,151.05999755859375,151.05999755859375,939000,CHTR
2014-06-25,151.00999450683594,152.49000549316406,150.47999572753906,152.0,152.0,837700,CHTR
2014-06-26,151.8300018310547,152.3300018310547,150.86000061035156,152.0,152.0,544700,CHTR
2014-06-27,152.57000732421875,155.7899932861328,151.97000122070312,154.83999633789062,154.83999633789062,1689600,CHTR
2014-06-30,156.00999450683594,159.24000549316406,155.0500030517578,158.3800048828125,158.3800048828125,1266900,CHTR
2014-07-01,158.67999267578125,161.41000366210938,157.74000549316406,160.39999389648438,160.39999389648438,1251000,CHTR
2014-07-02,160.47999572753906,162.60000610351562,160.47999572753906,162.0,162.0,1257900,CHTR
2014-07-03,163.02000427246094,163.19000244140625,160.8000030517578,162.4199981689453,162.4199981689453,859300,CHTR
2014-07-07,162.52000427246094,163.0,160.07000732421875,160.67999267578125,160.67999267578125,837200,CHTR
2014-07-08,160.52999877929688,160.52999877929688,158.57000732421875,158.6199951171875,158.6199951171875,1400100,CHTR
2014-07-09,159.47999572753906,162.16000366210938,158.41000366210938,162.14999389648438,162.14999389648438,1255400,CHTR
2014-07-10,160.85000610351562,163.5,160.25,162.8800048828125,162.8800048828125,1177200,CHTR
2014-07-11,163.4199981689453,163.6300048828125,161.19000244140625,162.27000427246094,162.27000427246094,773300,CHTR
2014-07-14,162.94000244140625,164.5500030517578,162.42999267578125,163.6999969482422,163.6999969482422,674900,CHTR
2014-07-15,163.4499969482422,164.44000244140625,162.50999450683594,163.13999938964844,163.13999938964844,1149000,CHTR
2014-07-16,164.0500030517578,165.49000549316406,163.0,163.97999572753906,163.97999572753906,1075300,CHTR
2014-07-17,162.0,164.27999877929688,161.5,163.0,163.0,1551300,CHTR
2014-07-18,163.92999267578125,164.32000732421875,161.88999938964844,164.14999389648438,164.14999389648438,718300,CHTR
2014-07-21,163.14999389648438,164.8000030517578,162.52000427246094,163.0,163.0,1070300,CHTR
2014-07-22,163.80999755859375,165.1999969482422,162.58999633789062,162.69000244140625,162.69000244140625,882500,CHTR
2014-07-23,162.5,164.08999633789062,162.05999755859375,163.1300048828125,163.1300048828125,949000,CHTR
2014-07-24,163.61000061035156,164.4600067138672,162.75999450683594,163.86000061035156,163.86000061035156,554600,CHTR
2014-07-25,163.7899932861328,164.0,162.02999877929688,162.35000610351562,162.35000610351562,514800,CHTR
2014-07-28,162.72999572753906,163.4499969482422,161.17999267578125,161.47999572753906,161.47999572753906,579500,CHTR
2014-07-29,162.25,167.3000030517578,161.58999633789062,162.05999755859375,162.05999755859375,1566000,CHTR
2014-07-30,162.16000366210938,163.5399932861328,160.63999938964844,161.77000427246094,161.77000427246094,912200,CHTR
2014-07-31,161.3000030517578,161.47999572753906,151.58999633789062,154.52000427246094,154.52000427246094,2800200,CHTR
2014-08-01,155.67999267578125,157.41000366210938,149.66000366210938,152.25999450683594,152.25999450683594,1923200,CHTR
2014-08-04,152.7899932861328,158.66000366210938,152.3800048828125,157.10000610351562,157.10000610351562,1245300,CHTR
2014-08-05,156.10000610351562,156.77999877929688,153.1699981689453,154.97000122070312,154.97000122070312,921400,CHTR
2014-08-06,153.91000366210938,155.88999938964844,153.0,153.75999450683594,153.75999450683594,616500,CHTR
2014-08-07,154.4499969482422,156.42999267578125,151.2899932861328,151.39999389648438,151.39999389648438,559000,CHTR
2014-08-08,151.7899932861328,152.58999633789062,151.0,152.0399932861328,152.0399932861328,924200,CHTR
2014-08-11,152.16000366210938,153.74000549316406,151.72999572753906,152.42999267578125,152.42999267578125,659600,CHTR
2014-08-12,152.41000366210938,153.97999572753906,151.7100067138672,152.7100067138672,152.7100067138672,683100,CHTR
2014-08-13,153.47000122070312,156.27000427246094,153.47000122070312,155.00999450683594,155.00999450683594,1155700,CHTR
2014-08-14,154.55999755859375,156.6300048828125,154.3800048828125,156.44000244140625,156.44000244140625,950800,CHTR
2014-08-15,160.97999572753906,160.99000549316406,155.17999267578125,155.61000061035156,155.61000061035156,1259900,CHTR
2014-08-18,155.99000549316406,158.02999877929688,155.22000122070312,157.41000366210938,157.41000366210938,1120300,CHTR
2014-08-19,157.52000427246094,158.2100067138672,155.60000610351562,156.14999389648438,156.14999389648438,555400,CHTR
2014-08-20,155.50999450683594,158.0800018310547,154.80999755859375,155.77000427246094,155.77000427246094,523000,CHTR
2014-08-21,156.24000549316406,156.8300018310547,155.47000122070312,156.75,156.75,413800,CHTR
2014-08-22,157.02999877929688,159.1999969482422,155.00999450683594,155.42999267578125,155.42999267578125,315700,CHTR
2014-08-25,155.8000030517578,156.1699981689453,154.47000122070312,155.05999755859375,155.05999755859375,299700,CHTR
2014-08-26,155.5,155.5800018310547,154.5399932861328,155.27000427246094,155.27000427246094,369200,CHTR
2014-08-27,155.11000061035156,158.0500030517578,155.08999633789062,156.8300018310547,156.8300018310547,698900,CHTR
2014-08-28,156.1999969482422,157.14999389648438,155.8300018310547,156.00999450683594,156.00999450683594,339500,CHTR
2014-08-29,156.85000610351562,156.9600067138672,154.94000244140625,156.8699951171875,156.8699951171875,901800,CHTR
2014-09-02,156.6699981689453,158.67999267578125,156.47999572753906,158.39999389648438,158.39999389648438,808000,CHTR
2014-09-03,158.91000366210938,160.1300048828125,158.25999450683594,159.60000610351562,159.60000610351562,747200,CHTR
2014-09-04,159.60000610351562,159.64999389648438,157.13999938964844,158.14999389648438,158.14999389648438,838300,CHTR
2014-09-05,158.08999633789062,159.0399932861328,157.74000549316406,158.3300018310547,158.3300018310547,424200,CHTR
2014-09-08,157.82000732421875,159.17999267578125,156.88999938964844,157.74000549316406,157.74000549316406,334500,CHTR
2014-09-09,156.99000549316406,157.2100067138672,155.05999755859375,156.52000427246094,156.52000427246094,556700,CHTR
2014-09-10,157.22000122070312,157.99000549316406,156.1199951171875,157.6300048828125,157.6300048828125,775900,CHTR
2014-09-11,157.2100067138672,159.19000244140625,157.1999969482422,158.8000030517578,158.8000030517578,503800,CHTR
2014-09-12,158.38999938964844,159.39999389648438,157.17999267578125,159.10000610351562,159.10000610351562,992700,CHTR
2014-09-15,157.47999572753906,160.00999450683594,157.47999572753906,159.88999938964844,159.88999938964844,716500,CHTR
2014-09-16,159.82000732421875,161.5800018310547,159.82000732421875,161.4199981689453,161.4199981689453,840600,CHTR
2014-09-17,162.00999450683594,162.8800048828125,160.3300018310547,162.19000244140625,162.19000244140625,697200,CHTR
2014-09-18,162.4600067138672,162.49000549316406,161.2100067138672,162.08999633789062,162.08999633789062,711100,CHTR
2014-09-19,162.97000122070312,162.97000122070312,160.8699951171875,162.4199981689453,162.4199981689453,1916400,CHTR
2014-09-22,161.72999572753906,162.27999877929688,159.9199981689453,161.14999389648438,161.14999389648438,1629600,CHTR
2014-09-23,160.85000610351562,161.24000549316406,156.2899932861328,156.3699951171875,156.3699951171875,847800,CHTR
2014-09-24,156.1300048828125,156.7100067138672,153.38999938964844,155.16000366210938,155.16000366210938,1323300,CHTR
2014-09-25,155.1999969482422,155.47000122070312,154.25,154.52999877929688,154.52999877929688,1006200,CHTR
2014-09-26,154.39999389648438,157.0,153.69000244140625,156.83999633789062,156.83999633789062,910300,CHTR
2014-09-29,155.52000427246094,156.57000732421875,154.9600067138672,155.5800018310547,155.5800018310547,1220500,CHTR
2014-09-30,155.35000610351562,157.52999877929688,150.47999572753906,151.3699951171875,151.3699951171875,2024300,CHTR
2014-10-01,151.0,151.0,147.52999877929688,148.32000732421875,148.32000732421875,1244600,CHTR
2014-10-02,148.52000427246094,149.27000427246094,146.66000366210938,148.85000610351562,148.85000610351562,1760400,CHTR
2014-10-03,150.13999938964844,153.69000244140625,149.6699981689453,152.6699981689453,152.6699981689453,1161200,CHTR
2014-10-06,153.3800048828125,153.9600067138672,152.6300048828125,153.52999877929688,153.52999877929688,820300,CHTR
2014-10-07,152.25,153.07000732421875,151.49000549316406,151.66000366210938,151.66000366210938,699000,CHTR
2014-10-08,151.77999877929688,154.64999389648438,151.13999938964844,154.25,154.25,969700,CHTR
2014-10-09,154.2100067138672,154.2100067138672,150.8800048828125,151.35000610351562,151.35000610351562,504200,CHTR
2014-10-10,150.52999877929688,151.89999389648438,147.8000030517578,148.1199951171875,148.1199951171875,809000,CHTR
2014-10-13,147.63999938964844,149.25999450683594,144.3699951171875,144.64999389648438,144.64999389648438,961000,CHTR
2014-10-14,145.08999633789062,146.07000732421875,142.14999389648438,142.97000122070312,142.97000122070312,1454700,CHTR
2014-10-15,141.63999938964844,143.25999450683594,138.83999633789062,142.4499969482422,142.4499969482422,1698400,CHTR
2014-10-16,140.75,142.33999633789062,137.50999450683594,140.25,140.25,1861400,CHTR
2014-10-17,141.6300048828125,145.35000610351562,141.17999267578125,143.8000030517578,143.8000030517578,1237700,CHTR
2014-10-20,143.89999389648438,148.3000030517578,143.39999389648438,148.17999267578125,148.17999267578125,1409700,CHTR
2014-10-21,150.39999389648438,154.17999267578125,148.6699981689453,152.61000061035156,152.61000061035156,1150300,CHTR
2014-10-22,153.2899932861328,153.8699951171875,150.6999969482422,151.13999938964844,151.13999938964844,599300,CHTR
2014-10-23,152.97000122070312,156.38999938964844,151.61000061035156,156.0399932861328,156.0399932861328,765500,CHTR
2014-10-24,157.05999755859375,158.1699981689453,156.1699981689453,157.80999755859375,157.80999755859375,1187800,CHTR
2014-10-27,157.13999938964844,158.4199981689453,154.94000244140625,156.36000061035156,156.36000061035156,791800,CHTR
2014-10-28,157.38999938964844,159.14999389648438,154.94000244140625,157.39999389648438,157.39999389648438,803800,CHTR
2014-10-29,157.0,157.0,151.92999267578125,153.7100067138672,153.7100067138672,1308700,CHTR
2014-10-30,152.4499969482422,155.6999969482422,150.75,154.39999389648438,154.39999389648438,1000500,CHTR
2014-10-31,157.8000030517578,159.10000610351562,155.69000244140625,158.38999938964844,158.38999938964844,1014800,CHTR
2014-11-03,158.99000549316406,161.9600067138672,158.30999755859375,161.69000244140625,161.69000244140625,865500,CHTR
2014-11-04,160.63999938964844,162.0500030517578,157.61000061035156,158.44000244140625,158.44000244140625,682900,CHTR
2014-11-05,160.05999755859375,160.49000549316406,157.4600067138672,159.30999755859375,159.30999755859375,1084700,CHTR
2014-11-06,158.89999389648438,163.17999267578125,156.14999389648438,158.58999633789062,158.58999633789062,623900,CHTR
2014-11-07,160.3699951171875,162.72999572753906,155.17999267578125,156.3699951171875,156.3699951171875,1073200,CHTR
2014-11-10,156.25999450683594,156.27999877929688,145.67999267578125,146.6199951171875,146.6199951171875,3636300,CHTR
2014-11-11,146.6199951171875,147.0399932861328,142.3699951171875,146.67999267578125,146.67999267578125,2828600,CHTR
2014-11-12,146.67999267578125,150.1300048828125,145.52999877929688,149.00999450683594,149.00999450683594,1767000,CHTR
2014-11-13,150.0,154.4600067138672,149.5,152.72999572753906,152.72999572753906,2165800,CHTR
2014-11-14,152.80999755859375,153.75,151.30999755859375,152.10000610351562,152.10000610351562,904000,CHTR
2014-11-17,152.66000366210938,155.47000122070312,152.1199951171875,155.30999755859375,155.30999755859375,699800,CHTR
2014-11-18,154.9499969482422,156.52000427246094,154.5399932861328,155.1199951171875,155.1199951171875,588600,CHTR
2014-11-19,154.89999389648438,158.77999877929688,154.89999389648438,158.6300048828125,158.6300048828125,649100,CHTR
2014-11-20,158.07000732421875,160.83999633789062,157.52999877929688,158.66000366210938,158.66000366210938,716800,CHTR
2014-11-21,161.6999969482422,161.6999969482422,158.17999267578125,160.2899932861328,160.2899932861328,816800,CHTR
2014-11-24,160.5399932861328,164.3800048828125,159.1699981689453,164.27999877929688,164.27999877929688,685300,CHTR
2014-11-25,164.60000610351562,168.97999572753906,164.16000366210938,168.0,168.0,1421700,CHTR
2014-11-26,167.69000244140625,168.72999572753906,165.6699981689453,168.0500030517578,168.0500030517578,645600,CHTR
2014-11-28,168.35000610351562,169.72999572753906,168.22000122070312,169.6999969482422,169.6999969482422,426900,CHTR
2014-12-01,169.57000732421875,169.57000732421875,167.72000122070312,168.49000549316406,168.49000549316406,838500,CHTR
2014-12-02,168.8699951171875,169.85000610351562,167.52999877929688,168.97999572753906,168.97999572753906,624100,CHTR
2014-12-03,168.50999450683594,169.47999572753906,167.41000366210938,167.77999877929688,167.77999877929688,861100,CHTR
2014-12-04,167.94000244140625,167.94000244140625,165.5,166.5,166.5,988900,CHTR
2014-12-05,167.60000610351562,168.22000122070312,166.74000549316406,167.61000061035156,167.61000061035156,709200,CHTR
2014-12-08,167.08999633789062,167.88999938964844,165.8699951171875,166.5500030517578,166.5500030517578,558700,CHTR
2014-12-09,165.3000030517578,166.42999267578125,163.69000244140625,165.91000366210938,165.91000366210938,423400,CHTR
2014-12-10,166.00999450683594,167.0500030517578,163.89999389648438,164.3000030517578,164.3000030517578,640500,CHTR
2014-12-11,164.39999389648438,165.52999877929688,163.77999877929688,164.16000366210938,164.16000366210938,824100,CHTR
2014-12-12,161.64999389648438,164.14999389648438,161.6300048828125,162.9499969482422,162.9499969482422,767300,CHTR
2014-12-15,163.4499969482422,167.49000549316406,160.2899932861328,161.00999450683594,161.00999450683594,882600,CHTR
2014-12-16,160.97000122070312,162.67999267578125,159.61000061035156,160.58999633789062,160.58999633789062,785700,CHTR
2014-12-17,161.02999877929688,163.4499969482422,158.0,162.25,162.25,1285600,CHTR
2014-12-18,163.44000244140625,165.41000366210938,161.19000244140625,162.3000030517578,162.3000030517578,1165200,CHTR
2014-12-19,162.05999755859375,164.8300018310547,161.3000030517578,164.6300048828125,164.6300048828125,1352200,CHTR
2014-12-22,164.22999572753906,166.3000030517578,163.67999267578125,164.99000549316406,164.99000549316406,847400,CHTR
2014-12-23,165.74000549316406,168.75999450683594,165.00999450683594,167.77000427246094,167.77000427246094,957900,CHTR
2014-12-24,167.6999969482422,168.7100067138672,167.0,167.4600067138672,167.4600067138672,177700,CHTR
2014-12-26,168.25999450683594,168.72000122070312,166.66000366210938,168.1699981689453,168.1699981689453,194100,CHTR
2014-12-29,167.5800018310547,169.63999938964844,166.91000366210938,169.22999572753906,169.22999572753906,398600,CHTR
2014-12-30,168.75999450683594,169.5399932861328,167.77000427246094,168.9199981689453,168.9199981689453,236100,CHTR
2014-12-31,168.72999572753906,169.8000030517578,166.36000061035156,166.6199951171875,166.6199951171875,346200,CHTR
2015-01-02,167.22999572753906,167.3000030517578,164.52999877929688,166.42999267578125,166.42999267578125,713100,CHTR
2015-01-05,166.0800018310547,166.4199981689453,159.72000122070312,160.5,160.5,1232600,CHTR
2015-01-06,160.89999389648438,161.8300018310547,155.85000610351562,156.30999755859375,156.30999755859375,1419200,CHTR
2015-01-07,157.22000122070312,160.11000061035156,155.5,156.7899932861328,156.7899932861328,1122700,CHTR
2015-01-08,157.61000061035156,165.66000366210938,157.61000061035156,162.94000244140625,162.94000244140625,1170100,CHTR
2015-01-09,163.19000244140625,164.1999969482422,161.8300018310547,161.97999572753906,161.97999572753906,477000,CHTR
2015-01-12,162.6699981689453,164.3699951171875,160.77000427246094,163.85000610351562,163.85000610351562,572000,CHTR
2015-01-13,165.47000122070312,167.05999755859375,163.2899932861328,164.39999389648438,164.39999389648438,840400,CHTR
2015-01-14,160.22000122070312,161.7899932861328,155.8000030517578,158.1300048828125,158.1300048828125,1667300,CHTR
2015-01-15,158.1300048828125,161.33999633789062,156.5,160.49000549316406,160.49000549316406,873700,CHTR
2015-01-16,160.25,161.32000732421875,158.77000427246094,161.11000061035156,161.11000061035156,822400,CHTR
2015-01-20,161.42999267578125,162.4199981689453,155.5,156.1300048828125,156.1300048828125,966700,CHTR
2015-01-21,155.41000366210938,157.57000732421875,154.10000610351562,155.75,155.75,533600,CHTR
2015-01-22,156.27999877929688,159.25,155.4600067138672,158.99000549316406,158.99000549316406,449200,CHTR
2015-01-23,159.25999450683594,159.75999450683594,156.74000549316406,158.92999267578125,158.92999267578125,447000,CHTR
2015-01-26,158.57000732421875,159.89999389648438,157.05999755859375,158.17999267578125,158.17999267578125,514700,CHTR
2015-01-27,159.1199951171875,159.3699951171875,156.02000427246094,156.42999267578125,156.42999267578125,715600,CHTR
2015-01-28,157.64999389648438,157.97000122070312,150.4499969482422,150.60000610351562,150.60000610351562,1470000,CHTR
2015-01-29,151.22000122070312,152.82000732421875,150.0,152.08999633789062,152.08999633789062,1329200,CHTR
2015-01-30,151.1999969482422,152.44000244140625,149.47000122070312,151.1199951171875,151.1199951171875,1662500,CHTR
2015-02-02,151.16000366210938,154.30999755859375,150.2899932861328,154.0,154.0,1042300,CHTR
2015-02-03,154.6300048828125,158.72000122070312,154.33999633789062,157.97000122070312,157.97000122070312,1612300,CHTR
2015-02-04,158.61000061035156,168.86000061035156,157.50999450683594,163.19000244140625,163.19000244140625,2248300,CHTR
2015-02-05,165.0,176.35000610351562,165.0,174.3000030517578,174.3000030517578,2159700,CHTR
2015-02-06,175.8000030517578,175.8000030517578,172.36000061035156,173.42999267578125,173.42999267578125,754600,CHTR
2015-02-09,172.35000610351562,173.8800048828125,171.35000610351562,172.13999938964844,172.13999938964844,1034600,CHTR
2015-02-10,173.05999755859375,176.17999267578125,171.91000366210938,175.88999938964844,175.88999938964844,702900,CHTR
2015-02-11,175.7899932861328,177.16000366210938,174.35000610351562,175.2899932861328,175.2899932861328,687000,CHTR
2015-02-12,175.82000732421875,177.72999572753906,175.1300048828125,177.02999877929688,177.02999877929688,755600,CHTR
2015-02-13,177.30999755859375,178.0800018310547,176.30999755859375,177.8800048828125,177.8800048828125,576900,CHTR
2015-02-17,176.27000427246094,177.69000244140625,174.33999633789062,176.4499969482422,176.4499969482422,595600,CHTR
2015-02-18,175.94000244140625,177.0800018310547,173.8300018310547,174.2899932861328,174.2899932861328,1078600,CHTR
2015-02-19,175.17999267578125,175.47999572753906,172.61000061035156,174.52999877929688,174.52999877929688,792500,CHTR
2015-02-20,174.74000549316406,176.0,172.50999450683594,175.88999938964844,175.88999938964844,667800,CHTR
2015-02-23,175.67999267578125,176.6699981689453,174.47999572753906,175.8800048828125,175.8800048828125,722100,CHTR
2015-02-24,175.5399932861328,177.99000549316406,175.11000061035156,177.77000427246094,177.77000427246094,686300,CHTR
2015-02-25,177.24000549316406,182.25999450683594,175.4600067138672,182.2100067138672,182.2100067138672,1259000,CHTR
2015-02-26,182.3000030517578,183.22999572753906,180.1699981689453,182.17999267578125,182.17999267578125,994100,CHTR
2015-02-27,182.39999389648438,183.24000549316406,179.80999755859375,180.60000610351562,180.60000610351562,918000,CHTR
2015-03-02,180.4600067138672,186.0399932861328,179.4600067138672,185.9499969482422,185.9499969482422,1568500,CHTR
2015-03-03,185.38999938964844,187.75999450683594,183.86000061035156,186.9600067138672,186.9600067138672,734800,CHTR
2015-03-04,186.58999633789062,187.1999969482422,183.67999267578125,185.74000549316406,185.74000549316406,686400,CHTR
2015-03-05,186.97999572753906,186.97999572753906,182.8300018310547,184.47999572753906,184.47999572753906,580600,CHTR
2015-03-06,183.5500030517578,184.99000549316406,182.3699951171875,183.52000427246094,183.52000427246094,444700,CHTR
2015-03-09,183.2899932861328,184.27999877929688,183.0,184.02999877929688,184.02999877929688,989400,CHTR
2015-03-10,182.64999389648438,183.52000427246094,180.66000366210938,181.33999633789062,181.33999633789062,769700,CHTR
2015-03-11,181.39999389648438,183.3000030517578,180.0500030517578,182.61000061035156,182.61000061035156,502400,CHTR
2015-03-12,184.19000244140625,196.0,183.6300048828125,193.4600067138672,193.4600067138672,3773600,CHTR
2015-03-13,192.25,195.17999267578125,190.0800018310547,191.1300048828125,191.1300048828125,835900,CHTR
2015-03-16,192.08999633789062,192.14999389648438,189.75999450683594,191.3800048828125,191.3800048828125,622800,CHTR
2015-03-17,189.0,190.8300018310547,187.58999633789062,188.6199951171875,188.6199951171875,821000,CHTR
2015-03-18,188.13999938964844,189.99000549316406,186.91000366210938,189.32000732421875,189.32000732421875,578700,CHTR
2015-03-19,188.39999389648438,190.00999450683594,187.0500030517578,188.17999267578125,188.17999267578125,536400,CHTR
2015-03-20,189.83999633789062,190.0,188.3800048828125,189.00999450683594,189.00999450683594,860800,CHTR
2015-03-23,189.39999389648438,190.7899932861328,188.47000122070312,188.8699951171875,188.8699951171875,484900,CHTR
2015-03-24,188.3300018310547,188.8699951171875,186.27000427246094,187.67999267578125,187.67999267578125,668200,CHTR
2015-03-25,187.75,188.58999633789062,182.83999633789062,183.0,183.0,848400,CHTR
2015-03-26,182.8000030517578,182.8000030517578,178.69000244140625,181.75,181.75,877100,CHTR
2015-03-27,181.77999877929688,183.11000061035156,179.9499969482422,180.0,180.0,593600,CHTR
2015-03-30,181.1699981689453,183.97000122070312,181.1699981689453,183.38999938964844,183.38999938964844,531700,CHTR
2015-03-31,196.3699951171875,199.0,192.63999938964844,193.11000061035156,193.11000061035156,3452700,CHTR
2015-04-01,191.94000244140625,193.8000030517578,189.44000244140625,190.6300048828125,190.6300048828125,967100,CHTR
2015-04-02,190.0800018310547,191.97999572753906,189.57000732421875,189.5800018310547,189.5800018310547,739100,CHTR
2015-04-06,189.41000366210938,193.36000061035156,189.41000366210938,193.19000244140625,193.19000244140625,572300,CHTR
2015-04-07,192.97000122070312,193.97999572753906,189.66000366210938,189.75,189.75,270100,CHTR
2015-04-08,188.5,190.94000244140625,187.85000610351562,190.77999877929688,190.77999877929688,922600,CHTR
2015-04-09,191.0,192.0,189.55999755859375,190.92999267578125,190.92999267578125,388200,CHTR
2015-04-10,191.32000732421875,191.94000244140625,189.8800048828125,191.80999755859375,191.80999755859375,380300,CHTR
2015-04-13,191.85000610351562,193.8000030517578,188.72000122070312,189.02000427246094,189.02000427246094,688800,CHTR
2015-04-14,189.94000244140625,191.97000122070312,189.2899932861328,190.88999938964844,190.88999938964844,468200,CHTR
2015-04-15,190.02000427246094,191.85000610351562,189.66000366210938,189.91000366210938,189.91000366210938,423500,CHTR
2015-04-16,189.14999389648438,190.64999389648438,188.89999389648438,190.36000061035156,190.36000061035156,344100,CHTR
2015-04-17,188.0500030517578,189.0500030517578,182.4600067138672,186.74000549316406,186.74000549316406,1664500,CHTR
2015-04-20,187.39999389648438,189.47000122070312,183.7100067138672,183.8800048828125,183.8800048828125,904800,CHTR
2015-04-21,183.85000610351562,187.3800048828125,183.58999633789062,186.80999755859375,186.80999755859375,809000,CHTR
2015-04-22,187.17999267578125,187.17999267578125,184.5800018310547,184.88999938964844,184.88999938964844,538000,CHTR
2015-04-23,184.77999877929688,188.8300018310547,182.64999389648438,183.5800018310547,183.5800018310547,2182900,CHTR
2015-04-24,182.5500030517578,188.8699951171875,180.5500030517578,185.75,185.75,4566100,CHTR
2015-04-27,185.83999633789062,186.27000427246094,180.52000427246094,182.9600067138672,182.9600067138672,3185200,CHTR
2015-04-28,183.0,184.3300018310547,179.77000427246094,182.3000030517578,182.3000030517578,3261200,CHTR
2015-04-29,182.10000610351562,188.5399932861328,181.94000244140625,188.3000030517578,188.3000030517578,1303900,CHTR
2015-04-30,190.1699981689453,194.0,186.60000610351562,187.05999755859375,187.05999755859375,2079500,CHTR
2015-05-01,182.36000061035156,188.5,181.1999969482422,187.44000244140625,187.44000244140625,1660300,CHTR
2015-05-04,188.1999969482422,191.89999389648438,187.3000030517578,187.49000549316406,187.49000549316406,1390400,CHTR
2015-05-05,187.61000061035156,189.0,185.3699951171875,185.6999969482422,185.6999969482422,553900,CHTR
2015-05-06,185.99000549316406,186.25,183.08999633789062,183.91000366210938,183.91000366210938,668900,CHTR
2015-05-07,184.41000366210938,184.61000061035156,182.6199951171875,182.9600067138672,182.9600067138672,658000,CHTR
2015-05-08,186.25999450683594,186.25999450683594,180.05999755859375,180.6699981689453,180.6699981689453,1292600,CHTR
2015-05-11,181.11000061035156,183.10000610351562,178.5800018310547,178.77999877929688,178.77999877929688,892900,CHTR
2015-05-12,177.63999938964844,181.5,175.9499969482422,177.33999633789062,177.33999633789062,2065500,CHTR
2015-05-13,177.8300018310547,179.8000030517578,177.05999755859375,177.41000366210938,177.41000366210938,1159900,CHTR
2015-05-14,178.0500030517578,179.1199951171875,176.5500030517578,176.7899932861328,176.7899932861328,1469200,CHTR
2015-05-15,177.9499969482422,181.74000549316406,177.13999938964844,181.1999969482422,181.1999969482422,1595200,CHTR
2015-05-18,180.61000061035156,182.16000366210938,180.00999450683594,181.0500030517578,181.0500030517578,793000,CHTR
2015-05-19,180.82000732421875,182.85000610351562,180.82000732421875,181.63999938964844,181.63999938964844,1564800,CHTR
2015-05-20,180.97000122070312,181.0,176.77999877929688,176.9499969482422,176.9499969482422,2802900,CHTR
2015-05-21,178.1999969482422,179.44000244140625,176.74000549316406,178.64999389648438,178.64999389648438,1903700,CHTR
2015-05-22,178.83999633789062,181.6199951171875,174.5800018310547,175.3300018310547,175.3300018310547,2026000,CHTR
2015-05-26,176.02000427246094,183.92999267578125,172.38999938964844,179.77999877929688,179.77999877929688,16206200,CHTR
2015-05-27,180.3000030517578,180.3000030517578,176.08999633789062,178.25,178.25,4492600,CHTR
2015-05-28,177.83999633789062,178.3699951171875,172.1699981689453,176.36000061035156,176.36000061035156,2650200,CHTR
2015-05-29,175.75,179.30999755859375,175.02000427246094,179.02000427246094,179.02000427246094,4620100,CHTR
2015-06-01,179.17999267578125,181.89999389648438,177.3800048828125,179.14999389648438,179.14999389648438,2656000,CHTR
2015-06-02,178.36000061035156,179.97999572753906,175.9499969482422,176.30999755859375,176.30999755859375,1766300,CHTR
2015-06-03,177.02000427246094,178.08999633789062,170.69000244140625,171.24000549316406,171.24000549316406,2474300,CHTR
2015-06-04,170.36000061035156,172.36000061035156,170.0,171.3300018310547,171.3300018310547,1720100,CHTR
2015-06-05,171.4199981689453,174.24000549316406,170.08999633789062,173.97000122070312,173.97000122070312,1930700,CHTR
2015-06-08,172.74000549316406,173.42999267578125,170.00999450683594,171.08999633789062,171.08999633789062,1538300,CHTR
2015-06-09,171.5,173.7100067138672,168.83999633789062,173.0,173.0,1945700,CHTR
2015-06-10,173.8300018310547,174.0500030517578,171.69000244140625,172.38999938964844,172.38999938964844,1073800,CHTR
2015-06-11,172.42999267578125,173.94000244140625,171.6300048828125,173.9199981689453,173.9199981689453,1277100,CHTR
2015-06-12,172.86000061035156,173.99000549316406,170.2100067138672,172.25999450683594,172.25999450683594,1724200,CHTR
2015-06-15,171.69000244140625,172.05999755859375,170.0,171.19000244140625,171.19000244140625,1365800,CHTR
2015-06-16,171.24000549316406,172.75999450683594,169.27999877929688,169.97000122070312,169.97000122070312,1563500,CHTR
2015-06-17,170.5399932861328,171.22999572753906,169.50999450683594,170.00999450683594,170.00999450683594,1516000,CHTR
2015-06-18,170.44000244140625,171.6999969482422,169.1699981689453,170.4600067138672,170.4600067138672,1312400,CHTR
2015-06-19,170.9600067138672,171.35000610351562,169.44000244140625,169.6699981689453,169.6699981689453,1457200,CHTR
2015-06-22,170.6699981689453,172.0399932861328,169.85000610351562,170.30999755859375,170.30999755859375,1164300,CHTR
2015-06-23,170.7100067138672,172.4499969482422,169.75,170.08999633789062,170.08999633789062,1037300,CHTR
2015-06-24,170.0,170.3300018310547,168.0,168.47999572753906,168.47999572753906,933600,CHTR
2015-06-25,169.08999633789062,170.07000732421875,166.75,167.83999633789062,167.83999633789062,1530800,CHTR
2015-06-26,168.32000732421875,172.75999450683594,167.24000549316406,171.5,171.5,2512000,CHTR
2015-06-29,170.77000427246094,171.24000549316406,166.5399932861328,168.5399932861328,168.5399932861328,1541800,CHTR
2015-06-30,169.3800048828125,171.32000732421875,168.27000427246094,171.25,171.25,2072700,CHTR
2015-07-01,172.97000122070312,173.82000732421875,168.72999572753906,173.58999633789062,173.58999633789062,2022000,CHTR
2015-07-02,174.35000610351562,174.99000549316406,171.4600067138672,171.8000030517578,171.8000030517578,1338700,CHTR
2015-07-06,170.89999389648438,174.07000732421875,170.02000427246094,174.07000732421875,174.07000732421875,1434200,CHTR
2015-07-07,174.8800048828125,175.89999389648438,170.3000030517578,174.9199981689453,174.9199981689453,1514800,CHTR
2015-07-08,173.27999877929688,174.3800048828125,170.55999755859375,172.27000427246094,172.27000427246094,1120600,CHTR
2015-07-09,173.92999267578125,175.3699951171875,171.5500030517578,172.64999389648438,172.64999389648438,755500,CHTR
2015-07-10,174.17999267578125,177.38999938964844,173.52000427246094,177.38999938964844,177.38999938964844,1931900,CHTR
2015-07-13,177.9499969482422,178.94000244140625,175.52999877929688,178.5399932861328,178.5399932861328,939600,CHTR
2015-07-14,179.17999267578125,179.7899932861328,176.52000427246094,177.0800018310547,177.0800018310547,1176100,CHTR
2015-07-15,176.22999572753906,182.39999389648438,175.07000732421875,181.0,181.0,2762700,CHTR
2015-07-16,181.6699981689453,184.13999938964844,181.41000366210938,183.1300048828125,183.1300048828125,2223100,CHTR
2015-07-17,183.5800018310547,185.9600067138672,182.0800018310547,185.6699981689453,185.6699981689453,1860800,CHTR
2015-07-20,185.74000549316406,187.6999969482422,185.0399932861328,187.50999450683594,187.50999450683594,1514000,CHTR
2015-07-21,188.1199951171875,188.8699951171875,184.6199951171875,185.27000427246094,185.27000427246094,1212600,CHTR
2015-07-22,184.75,186.66000366210938,184.75,186.05999755859375,186.05999755859375,1022800,CHTR
2015-07-23,186.72000122070312,186.83999633789062,182.8000030517578,183.75999450683594,183.75999450683594,1668100,CHTR
2015-07-24,185.22000122070312,186.89999389648438,183.5,184.3300018310547,184.3300018310547,2716600,CHTR
2015-07-27,184.0,186.13999938964844,180.25999450683594,181.8800048828125,181.8800048828125,1248000,CHTR
2015-07-28,182.25,184.91000366210938,182.0,184.6699981689453,184.6699981689453,1294400,CHTR
2015-07-29,184.1999969482422,187.00999450683594,181.6199951171875,184.35000610351562,184.35000610351562,2299100,CHTR
2015-07-30,182.97999572753906,188.5500030517578,182.97999572753906,187.9600067138672,187.9600067138672,1048900,CHTR
2015-07-31,188.99000549316406,189.99000549316406,185.5,185.86000061035156,185.86000061035156,1318400,CHTR
2015-08-03,186.94000244140625,189.6199951171875,185.92999267578125,187.30999755859375,187.30999755859375,1762100,CHTR
2015-08-04,183.1999969482422,192.27000427246094,183.1999969482422,191.5,191.5,1924800,CHTR
2015-08-05,195.02999877929688,195.4600067138672,183.4600067138672,188.5500030517578,188.5500030517578,2396300,CHTR
2015-08-06,189.36000061035156,189.36000061035156,175.10000610351562,187.25,187.25,4315600,CHTR
2015-08-07,182.47999572753906,187.9199981689453,179.5500030517578,183.85000610351562,183.85000610351562,1370800,CHTR
2015-08-10,184.97999572753906,187.66000366210938,183.91000366210938,184.82000732421875,184.82000732421875,1040600,CHTR
2015-08-11,183.5800018310547,185.0,180.27999877929688,181.3300018310547,181.3300018310547,886100,CHTR
2015-08-12,180.82000732421875,182.3000030517578,177.9499969482422,181.05999755859375,181.05999755859375,1164500,CHTR
2015-08-13,180.05999755859375,182.13999938964844,179.13999938964844,180.63999938964844,180.63999938964844,963600,CHTR
2015-08-14,180.19000244140625,180.97000122070312,178.35000610351562,179.82000732421875,179.82000732421875,902100,CHTR
2015-08-17,182.8300018310547,187.66000366210938,179.61000061035156,186.97999572753906,186.97999572753906,1399200,CHTR
2015-08-18,185.49000549316406,189.24000549316406,185.49000549316406,188.80999755859375,188.80999755859375,1274900,CHTR
2015-08-19,191.0,192.3699951171875,187.00999450683594,188.1999969482422,188.1999969482422,1464100,CHTR
2015-08-20,186.00999450683594,187.5500030517578,182.74000549316406,182.74000549316406,182.74000549316406,1689500,CHTR
2015-08-21,179.9600067138672,181.5399932861328,175.8699951171875,177.52999877929688,177.52999877929688,1886500,CHTR
2015-08-24,168.17999267578125,173.8699951171875,161.91000366210938,171.5,171.5,2892800,CHTR
2015-08-25,174.5,177.2899932861328,171.2899932861328,171.2899932861328,171.2899932861328,2294200,CHTR
2015-08-26,176.02999877929688,177.91000366210938,171.6999969482422,177.60000610351562,177.60000610351562,1580300,CHTR
2015-08-27,178.92999267578125,182.63999938964844,177.72999572753906,181.64999389648438,181.64999389648438,1322900,CHTR
2015-08-28,180.49000549316406,181.58999633789062,178.30999755859375,181.58999633789062,181.58999633789062,901200,CHTR
2015-08-31,181.27000427246094,182.5500030517578,179.69000244140625,181.61000061035156,181.61000061035156,1407900,CHTR
2015-09-01,180.52999877929688,186.0800018310547,176.89999389648438,177.75999450683594,177.75999450683594,1708200,CHTR
2015-09-02,179.00999450683594,180.64999389648438,177.11000061035156,179.67999267578125,179.67999267578125,898300,CHTR
2015-09-03,181.0,184.35000610351562,180.75999450683594,182.8800048828125,182.8800048828125,1176800,CHTR
2015-09-04,180.58999633789062,183.97000122070312,179.92999267578125,183.02000427246094,183.02000427246094,745700,CHTR
2015-09-08,185.6199951171875,186.82000732421875,183.10000610351562,186.30999755859375,186.30999755859375,1167600,CHTR
2015-09-09,188.99000549316406,188.99000549316406,184.8300018310547,185.0500030517578,185.0500030517578,982500,CHTR
2015-09-10,184.55999755859375,186.41000366210938,182.69000244140625,184.2899932861328,184.2899932861328,1910600,CHTR
2015-09-11,183.1699981689453,185.50999450683594,182.0,184.4499969482422,184.4499969482422,1420000,CHTR
2015-09-14,184.10000610351562,185.1999969482422,183.63999938964844,184.57000732421875,184.57000732421875,934000,CHTR
2015-09-15,184.11000061035156,188.52000427246094,183.00999450683594,188.50999450683594,188.50999450683594,1263700,CHTR
2015-09-16,189.22999572753906,189.3800048828125,185.4499969482422,187.86000061035156,187.86000061035156,1518400,CHTR
2015-09-17,188.67999267578125,193.94000244140625,188.0800018310547,192.22000122070312,192.22000122070312,2337600,CHTR
2015-09-18,191.05999755859375,193.86000061035156,190.02000427246094,191.38999938964844,191.38999938964844,2395900,CHTR
2015-09-21,191.9499969482422,195.0,191.6999969482422,194.5,194.5,1271300,CHTR
2015-09-22,192.64999389648438,194.27999877929688,191.55999755859375,193.4199981689453,193.4199981689453,1572300,CHTR
2015-09-23,193.22000122070312,193.92999267578125,190.9199981689453,191.3800048828125,191.3800048828125,1010900,CHTR
2015-09-24,190.3300018310547,192.6999969482422,184.0,184.92999267578125,184.92999267578125,2184500,CHTR
2015-09-25,186.75,187.38999938964844,181.75,183.52999877929688,183.52999877929688,1453200,CHTR
2015-09-28,182.88999938964844,184.82000732421875,171.41000366210938,172.10000610351562,172.10000610351562,2850000,CHTR
2015-09-29,171.66000366210938,174.92999267578125,166.3300018310547,167.36000061035156,167.36000061035156,2535700,CHTR
2015-09-30,169.0,176.25,169.0,175.85000610351562,175.85000610351562,2218300,CHTR
2015-10-01,176.74000549316406,182.52999877929688,175.3000030517578,181.77000427246094,181.77000427246094,3061500,CHTR
2015-10-02,180.0,183.91000366210938,176.17999267578125,183.13999938964844,183.13999938964844,2463700,CHTR
2015-10-05,183.86000061035156,189.16000366210938,183.14999389648438,187.52000427246094,187.52000427246094,2031200,CHTR
2015-10-06,187.39999389648438,188.3000030517578,184.5399932861328,185.52000427246094,185.52000427246094,1378200,CHTR
2015-10-07,187.33999633789062,188.36000061035156,183.1300048828125,185.0,185.0,1481100,CHTR
2015-10-08,184.49000549316406,187.8000030517578,184.22000122070312,187.75999450683594,187.75999450683594,1201300,CHTR
2015-10-09,186.85000610351562,189.1699981689453,184.86000061035156,186.6300048828125,186.6300048828125,1172600,CHTR
2015-10-12,186.27000427246094,187.55999755859375,185.4499969482422,185.9199981689453,185.9199981689453,740700,CHTR
2015-10-13,185.1199951171875,188.0399932861328,183.57000732421875,186.8800048828125,186.8800048828125,905500,CHTR
2015-10-14,187.36000061035156,188.75999450683594,182.39999389648438,182.75,182.75,1025400,CHTR
2015-10-15,183.55999755859375,187.00999450683594,183.55999755859375,185.8300018310547,185.8300018310547,1058300,CHTR
2015-10-16,186.3300018310547,187.35000610351562,185.52000427246094,187.27000427246094,187.27000427246094,1151200,CHTR
2015-10-19,186.97999572753906,187.92999267578125,184.5399932861328,186.30999755859375,186.30999755859375,734700,CHTR
2015-10-20,186.3000030517578,187.2899932861328,184.63999938964844,185.5800018310547,185.5800018310547,706400,CHTR
2015-10-21,185.94000244140625,186.55999755859375,175.0800018310547,175.35000610351562,175.35000610351562,2296000,CHTR
2015-10-22,176.99000549316406,180.7100067138672,176.16000366210938,178.3800048828125,178.3800048828125,1679100,CHTR
2015-10-23,180.0,183.0,177.74000549316406,183.0,183.0,1443100,CHTR
2015-10-26,183.0,185.16000366210938,182.16000366210938,184.02000427246094,184.02000427246094,996600,CHTR
2015-10-27,183.89999389648438,185.5,180.72000122070312,181.08999633789062,181.08999633789062,1217400,CHTR
2015-10-28,180.83999633789062,184.94000244140625,179.13999938964844,184.10000610351562,184.10000610351562,1565500,CHTR
2015-10-29,183.1199951171875,194.9199981689453,183.1199951171875,193.3300018310547,193.3300018310547,3206400,CHTR
2015-10-30,193.19000244140625,194.4199981689453,189.99000549316406,190.94000244140625,190.94000244140625,2315600,CHTR
2015-11-02,193.25,193.6300048828125,186.3800048828125,187.33999633789062,187.33999633789062,2428300,CHTR
2015-11-03,186.22000122070312,189.47000122070312,184.75999450683594,189.27999877929688,189.27999877929688,2299600,CHTR
2015-11-04,188.9499969482422,191.4199981689453,188.27999877929688,190.10000610351562,190.10000610351562,1578900,CHTR
2015-11-05,189.8000030517578,191.24000549316406,187.14999389648438,189.22999572753906,189.22999572753906,1690600,CHTR
2015-11-06,188.9600067138672,190.4600067138672,187.69000244140625,190.25999450683594,190.25999450683594,1616000,CHTR
2015-11-09,189.08999633789062,191.8000030517578,187.72000122070312,190.16000366210938,190.16000366210938,1056000,CHTR
2015-11-10,189.75999450683594,191.82000732421875,188.66000366210938,190.77000427246094,190.77000427246094,693500,CHTR
2015-11-11,192.85000610351562,192.85000610351562,189.8300018310547,191.1999969482422,191.1999969482422,780600,CHTR
2015-11-12,190.97000122070312,192.32000732421875,188.55999755859375,192.0,192.0,782000,CHTR
2015-11-13,190.1999969482422,193.60000610351562,185.80999755859375,186.47999572753906,186.47999572753906,1621100,CHTR
2015-11-16,186.44000244140625,186.63999938964844,183.05999755859375,185.69000244140625,185.69000244140625,971300,CHTR
2015-11-17,186.22999572753906,186.94000244140625,184.33999633789062,184.63999938964844,184.63999938964844,980100,CHTR
2015-11-18,185.49000549316406,187.8800048828125,184.11000061035156,187.80999755859375,187.80999755859375,788400,CHTR
2015-11-19,188.8699951171875,188.8699951171875,185.66000366210938,186.1300048828125,186.1300048828125,1154900,CHTR
2015-11-20,188.1199951171875,188.1199951171875,185.00999450683594,186.47999572753906,186.47999572753906,606100,CHTR
2015-11-23,186.07000732421875,189.36000061035156,185.91000366210938,187.0399932861328,187.0399932861328,1769700,CHTR
2015-11-24,186.16000366210938,187.61000061035156,184.27999877929688,186.11000061035156,186.11000061035156,898800,CHTR
2015-11-25,186.0,187.4499969482422,184.97999572753906,186.08999633789062,186.08999633789062,561600,CHTR
2015-11-27,185.6300048828125,188.0,184.8800048828125,187.24000549316406,187.24000549316406,339400,CHTR
2015-11-30,187.74000549316406,188.75999450683594,184.9600067138672,187.36000061035156,187.36000061035156,949000,CHTR
2015-12-01,187.64999389648438,190.64999389648438,186.4199981689453,188.8800048828125,188.8800048828125,843800,CHTR
2015-12-02,189.0,190.67999267578125,186.4600067138672,186.77000427246094,186.77000427246094,1162500,CHTR
2015-12-03,186.7100067138672,188.17999267578125,179.49000549316406,180.7899932861328,180.7899932861328,1485900,CHTR
2015-12-04,180.50999450683594,186.10000610351562,180.00999450683594,184.52999877929688,184.52999877929688,1208700,CHTR
2015-12-07,183.77000427246094,189.14999389648438,183.17999267578125,187.80999755859375,187.80999755859375,1382700,CHTR
2015-12-08,186.5800018310547,189.57000732421875,185.6699981689453,186.58999633789062,186.58999633789062,1652200,CHTR
2015-12-09,186.35000610351562,188.49000549316406,184.0,185.30999755859375,185.30999755859375,1028500,CHTR
2015-12-10,184.6999969482422,185.2899932861328,182.8000030517578,183.63999938964844,183.63999938964844,1222300,CHTR
2015-12-11,180.97999572753906,185.0,175.61000061035156,178.02000427246094,178.02000427246094,1872000,CHTR
2015-12-14,178.6999969482422,179.44000244140625,173.2100067138672,174.80999755859375,174.80999755859375,1788100,CHTR
2015-12-15,177.13999938964844,181.97999572753906,176.60000610351562,178.25,178.25,1667900,CHTR
2015-12-16,178.9199981689453,184.5,178.9199981689453,183.30999755859375,183.30999755859375,2461300,CHTR
2015-12-17,183.61000061035156,185.27000427246094,182.86000061035156,183.02999877929688,183.02999877929688,1015500,CHTR
2015-12-18,181.6300048828125,181.8300018310547,177.89999389648438,178.2899932861328,178.2899932861328,1430700,CHTR
2015-12-21,179.0500030517578,180.1699981689453,177.0500030517578,180.0500030517578,180.0500030517578,721300,CHTR
2015-12-22,186.8699951171875,186.8699951171875,178.1699981689453,181.0,181.0,686100,CHTR
2015-12-23,182.1699981689453,184.5,180.33999633789062,181.0,181.0,1020500,CHTR
2015-12-24,181.60000610351562,182.89999389648438,180.35000610351562,181.88999938964844,181.88999938964844,535900,CHTR
2015-12-28,180.72000122070312,182.22000122070312,179.0,182.0800018310547,182.0800018310547,569300,CHTR
2015-12-29,182.6999969482422,185.83999633789062,181.97999572753906,185.1699981689453,185.1699981689453,916300,CHTR
2015-12-30,184.63999938964844,185.60000610351562,183.5,184.22000122070312,184.22000122070312,577900,CHTR
2015-12-31,183.58999633789062,185.07000732421875,182.5800018310547,183.10000610351562,183.10000610351562,686700,CHTR
2016-01-04,180.55999755859375,182.0399932861328,175.50999450683594,177.52999877929688,177.52999877929688,1766300,CHTR
2016-01-05,177.2899932861328,177.4199981689453,174.58999633789062,175.1699981689453,175.1699981689453,1662000,CHTR
2016-01-06,173.35000610351562,175.27000427246094,172.63999938964844,174.30999755859375,174.30999755859375,1475500,CHTR
2016-01-07,171.2100067138672,176.22000122070312,170.3800048828125,173.6300048828125,173.6300048828125,2095600,CHTR
2016-01-08,175.1199951171875,179.38999938964844,174.19000244140625,174.88999938964844,174.88999938964844,1690200,CHTR
2016-01-11,175.0,177.27999877929688,172.9499969482422,175.6300048828125,175.6300048828125,999900,CHTR
2016-01-12,176.05999755859375,179.99000549316406,172.86000061035156,175.32000732421875,175.32000732421875,1425800,CHTR
2016-01-13,175.36000061035156,176.77000427246094,167.3000030517578,167.99000549316406,167.99000549316406,1727000,CHTR
2016-01-14,168.17999267578125,174.55999755859375,167.9199981689453,172.30999755859375,172.30999755859375,1827500,CHTR
2016-01-15,167.97000122070312,169.49000549316406,163.02000427246094,165.0800018310547,165.0800018310547,3395700,CHTR
2016-01-19,166.9199981689453,168.1999969482422,164.52999877929688,167.3800048828125,167.3800048828125,2035200,CHTR
2016-01-20,166.11000061035156,171.75999450683594,160.74000549316406,170.50999450683594,170.50999450683594,2469900,CHTR
2016-01-21,170.3699951171875,172.49000549316406,166.97000122070312,169.4499969482422,169.4499969482422,1174500,CHTR
2016-01-22,171.8000030517578,175.0,170.72999572753906,174.72000122070312,174.72000122070312,1845200,CHTR
2016-01-25,174.89999389648438,176.50999450683594,171.67999267578125,172.33999633789062,172.33999633789062,1032300,CHTR
2016-01-26,172.7100067138672,175.94000244140625,170.14999389648438,172.1699981689453,172.1699981689453,1193800,CHTR
2016-01-27,172.0500030517578,172.5,164.5399932861328,165.2899932861328,165.2899932861328,1831700,CHTR
2016-01-28,167.17999267578125,169.0399932861328,164.32000732421875,167.3000030517578,167.3000030517578,1607800,CHTR
2016-01-29,169.47000122070312,172.6699981689453,168.22000122070312,171.36000061035156,171.36000061035156,2282800,CHTR
2016-02-01,169.63999938964844,176.97999572753906,167.05999755859375,175.75,175.75,2469000,CHTR
2016-02-02,173.82000732421875,176.9199981689453,170.9499969482422,172.0,172.0,2993400,CHTR
2016-02-03,173.57000732421875,176.88999938964844,171.33999633789062,176.4499969482422,176.4499969482422,2450500,CHTR
2016-02-04,178.22000122070312,180.9499969482422,168.11000061035156,170.5,170.5,4003900,CHTR
2016-02-05,160.1999969482422,171.0,160.1999969482422,168.5399932861328,168.5399932861328,3936500,CHTR
2016-02-08,165.72999572753906,165.72999572753906,156.1300048828125,162.58999633789062,162.58999633789062,4244200,CHTR
2016-02-09,160.44000244140625,165.77999877929688,157.9600067138672,165.0399932861328,165.0399932861328,3296000,CHTR
2016-02-10,165.0800018310547,172.77999877929688,160.97999572753906,161.0800018310547,161.0800018310547,1958200,CHTR
2016-02-11,159.10000610351562,161.60000610351562,156.2100067138672,159.52999877929688,159.52999877929688,2983700,CHTR
2016-02-12,161.85000610351562,168.5399932861328,160.1300048828125,167.75,167.75,2486300,CHTR
2016-02-16,170.02999877929688,170.02999877929688,164.33999633789062,168.92999267578125,168.92999267578125,1856300,CHTR
2016-02-17,169.69000244140625,174.0,167.02000427246094,171.91000366210938,171.91000366210938,2168200,CHTR
2016-02-18,171.52000427246094,175.58999633789062,167.39999389648438,171.94000244140625,171.94000244140625,2005600,CHTR
2016-02-19,170.61000061035156,174.5500030517578,168.14999389648438,173.57000732421875,173.57000732421875,1385800,CHTR
2016-02-22,174.5,177.69000244140625,174.27000427246094,177.0500030517578,177.0500030517578,1850700,CHTR
2016-02-23,176.02000427246094,177.7899932861328,174.22999572753906,174.38999938964844,174.38999938964844,1893500,CHTR
2016-02-24,172.8300018310547,175.80999755859375,169.69000244140625,175.7899932861328,175.7899932861328,2369800,CHTR
2016-02-25,177.86000061035156,183.6199951171875,177.02999877929688,183.0399932861328,183.0399932861328,3972700,CHTR
2016-02-26,183.9600067138672,184.0,180.3000030517578,181.2100067138672,181.2100067138672,1965800,CHTR
2016-02-29,180.5500030517578,184.72000122070312,179.14999389648438,179.55999755859375,179.55999755859375,2927900,CHTR
2016-03-01,181.0800018310547,184.72000122070312,179.91000366210938,184.3300018310547,184.3300018310547,3262400,CHTR
2016-03-02,183.0,183.8300018310547,180.0399932861328,181.8800048828125,181.8800048828125,2343000,CHTR
2016-03-03,181.58999633789062,186.22000122070312,180.77000427246094,183.6699981689453,183.6699981689453,2240000,CHTR
2016-03-04,184.5399932861328,185.36000061035156,181.60000610351562,184.77999877929688,184.77999877929688,1845000,CHTR
2016-03-07,184.22000122070312,186.39999389648438,183.5,185.3000030517578,185.3000030517578,1324700,CHTR
2016-03-08,184.66000366210938,186.1999969482422,182.6999969482422,182.9199981689453,182.9199981689453,1771600,CHTR
2016-03-09,184.0399932861328,186.75,183.25,186.5500030517578,186.5500030517578,1577400,CHTR
2016-03-10,187.32000732421875,187.6199951171875,182.75,185.00999450683594,185.00999450683594,1757600,CHTR
2016-03-11,186.88999938964844,188.0,185.6699981689453,187.61000061035156,187.61000061035156,2393200,CHTR
2016-03-14,186.8000030517578,187.7899932861328,185.61000061035156,186.0,186.0,1200400,CHTR
2016-03-15,185.66000366210938,187.0800018310547,183.6199951171875,186.92999267578125,186.92999267578125,1065300,CHTR
2016-03-16,186.92999267578125,198.57000732421875,186.88999938964844,198.16000366210938,198.16000366210938,6225600,CHTR
2016-03-17,198.22000122070312,202.39999389648438,196.5500030517578,201.02000427246094,201.02000427246094,3316400,CHTR
2016-03-18,200.38999938964844,202.97999572753906,199.8300018310547,201.0,201.0,3289700,CHTR
2016-03-21,200.89999389648438,202.85000610351562,199.94000244140625,202.67999267578125,202.67999267578125,2240800,CHTR
2016-03-22,202.39999389648438,204.61000061035156,200.9499969482422,204.10000610351562,204.10000610351562,1887000,CHTR
2016-03-23,204.0,204.55999755859375,201.89999389648438,202.32000732421875,202.32000732421875,1784600,CHTR
2016-03-24,202.00999450683594,202.00999450683594,196.89999389648438,198.33999633789062,198.33999633789062,2058200,CHTR
2016-03-28,199.47000122070312,200.07000732421875,197.3699951171875,198.1199951171875,198.1199951171875,1355700,CHTR
2016-03-29,200.61000061035156,204.47999572753906,199.1699981689453,203.02999877929688,203.02999877929688,1735700,CHTR
2016-03-30,204.60000610351562,204.60000610351562,200.86000061035156,203.52000427246094,203.52000427246094,1418700,CHTR
2016-03-31,203.7100067138672,204.1999969482422,200.1999969482422,202.42999267578125,202.42999267578125,1535900,CHTR
2016-04-01,203.1199951171875,205.72999572753906,200.92999267578125,203.47000122070312,203.47000122070312,1958900,CHTR
2016-04-04,205.27999877929688,206.6300048828125,203.47000122070312,205.35000610351562,205.35000610351562,1592900,CHTR
2016-04-05,202.75,204.52999877929688,202.14999389648438,203.30999755859375,203.30999755859375,1237100,CHTR
2016-04-06,204.19000244140625,205.0500030517578,202.17999267578125,204.97000122070312,204.97000122070312,1055900,CHTR
2016-04-07,202.33999633789062,205.33999633789062,201.83999633789062,203.91000366210938,203.91000366210938,1115000,CHTR
2016-04-08,204.74000549316406,206.47999572753906,201.0500030517578,202.5500030517578,202.5500030517578,1012100,CHTR
2016-04-11,203.3000030517578,203.75,200.16000366210938,200.3800048828125,200.3800048828125,911700,CHTR
2016-04-12,200.25999450683594,202.19000244140625,199.5,200.25,200.25,1341700,CHTR
2016-04-13,202.0,204.99000549316406,199.9199981689453,202.7100067138672,202.7100067138672,1437000,CHTR
2016-04-14,202.35000610351562,203.02999877929688,200.61000061035156,200.80999755859375,200.80999755859375,1302900,CHTR
2016-04-15,202.05999755859375,203.97999572753906,199.27000427246094,203.05999755859375,203.05999755859375,1140300,CHTR
2016-04-18,201.89999389648438,203.36000061035156,201.0500030517578,201.5800018310547,201.5800018310547,992300,CHTR
2016-04-19,201.97999572753906,207.6999969482422,201.57000732421875,204.6300048828125,204.6300048828125,1629900,CHTR
2016-04-20,204.52999877929688,205.7100067138672,197.6300048828125,198.22999572753906,198.22999572753906,2312700,CHTR
2016-04-21,198.89999389648438,199.97999572753906,193.77000427246094,199.6999969482422,199.6999969482422,3221600,CHTR
2016-04-22,197.86000061035156,199.5500030517578,196.3300018310547,197.91000366210938,197.91000366210938,1497000,CHTR
2016-04-25,197.10000610351562,208.35000610351562,194.77000427246094,207.00999450683594,207.00999450683594,6367800,CHTR
2016-04-26,208.00999450683594,213.32000732421875,206.8300018310547,210.07000732421875,210.07000732421875,6694200,CHTR
2016-04-27,208.99000549316406,211.22999572753906,205.92999267578125,206.42999267578125,206.42999267578125,3348800,CHTR
2016-04-28,207.0,212.89999389648438,205.6300048828125,209.75,209.75,3196700,CHTR
2016-04-29,207.63999938964844,212.52000427246094,204.72999572753906,212.24000549316406,212.24000549316406,2968700,CHTR
2016-05-02,212.25,218.67999267578125,210.25,216.52999877929688,216.52999877929688,2905600,CHTR
2016-05-03,215.55999755859375,216.5,212.24000549316406,212.6699981689453,212.6699981689453,1884800,CHTR
2016-05-04,209.7100067138672,214.55999755859375,209.49000549316406,212.42999267578125,212.42999267578125,1447300,CHTR
2016-05-05,212.5,214.6199951171875,211.25,212.02000427246094,212.02000427246094,1555300,CHTR
2016-05-06,211.02999877929688,213.6199951171875,209.91000366210938,212.9199981689453,212.9199981689453,2489200,CHTR
2016-05-09,213.4199981689453,215.3300018310547,211.77000427246094,213.47999572753906,213.47999572753906,2242200,CHTR
2016-05-10,213.10000610351562,216.52999877929688,213.10000610351562,216.49000549316406,216.49000549316406,2236300,CHTR
2016-05-11,216.00999450683594,218.72999572753906,214.72999572753906,217.22000122070312,217.22000122070312,3844400,CHTR
2016-05-12,219.22999572753906,219.5800018310547,211.99000549316406,213.9600067138672,213.9600067138672,9795700,CHTR
2016-05-13,212.6999969482422,215.83999633789062,211.86000061035156,214.5800018310547,214.5800018310547,7137500,CHTR
2016-05-16,206.72000122070312,210.25,203.60000610351562,203.60000610351562,203.60000610351562,16959100,CHTR
2016-05-17,203.60000610351562,208.72999572753906,201.0399932861328,203.36000061035156,203.36000061035156,21642600,CHTR
2016-05-18,224.91000366210938,228.2899932861328,222.5,227.41000366210938,227.41000366210938,4352700,CHTR
2016-05-19,225.8000030517578,230.49000549316406,225.72999572753906,227.57000732421875,227.57000732421875,4343400,CHTR
2016-05-20,227.4600067138672,233.6999969482422,227.16000366210938,233.11000061035156,233.11000061035156,5519300,CHTR
2016-05-23,232.1999969482422,233.19000244140625,223.61000061035156,225.0,225.0,6529400,CHTR
2016-05-24,224.2100067138672,229.0,223.08999633789062,228.3800048828125,228.3800048828125,3480800,CHTR
2016-05-25,227.4600067138672,229.3699951171875,224.0500030517578,225.60000610351562,225.60000610351562,3951700,CHTR
2016-05-26,222.88999938964844,226.19000244140625,218.4600067138672,219.0399932861328,219.0399932861328,3299800,CHTR
2016-05-27,217.00999450683594,222.02000427246094,217.00999450683594,219.97000122070312,219.97000122070312,2797200,CHTR
2016-05-31,220.05999755859375,220.97999572753906,216.10000610351562,218.94000244140625,218.94000244140625,3566200,CHTR
2016-06-01,222.5,227.50999450683594,220.10000610351562,227.5,227.5,3176500,CHTR
2016-06-02,225.77000427246094,228.72000122070312,225.19000244140625,227.82000732421875,227.82000732421875,2996800,CHTR
2016-06-03,227.41000366210938,227.80999755859375,224.1199951171875,224.9499969482422,224.9499969482422,1493500,CHTR
2016-06-06,224.9199981689453,225.9499969482422,221.14999389648438,221.67999267578125,221.67999267578125,2636400,CHTR
2016-06-07,221.30999755859375,223.41000366210938,220.52000427246094,220.8000030517578,220.8000030517578,1914900,CHTR
2016-06-08,218.1300048828125,223.16000366210938,218.0399932861328,223.0800018310547,223.0800018310547,2846400,CHTR
2016-06-09,222.19000244140625,223.22999572753906,221.08999633789062,222.97000122070312,222.97000122070312,1689700,CHTR
2016-06-10,220.25999450683594,224.24000549316406,218.72000122070312,223.52999877929688,223.52999877929688,2184300,CHTR
2016-06-13,223.4199981689453,226.35000610351562,223.0399932861328,223.27999877929688,223.27999877929688,2818800,CHTR
2016-06-14,228.94000244140625,228.94000244140625,220.5,222.24000549316406,222.24000549316406,3866300,CHTR
2016-06-15,221.85000610351562,223.77999877929688,220.27999877929688,221.19000244140625,221.19000244140625,1720500,CHTR
2016-06-16,222.72999572753906,222.8300018310547,220.14999389648438,221.47999572753906,221.47999572753906,1781500,CHTR
2016-06-17,221.6300048828125,223.02999877929688,219.47000122070312,221.0500030517578,221.0500030517578,7134800,CHTR
2016-06-20,224.4499969482422,225.1699981689453,221.0,221.1199951171875,221.1199951171875,1509000,CHTR
2016-06-21,220.35000610351562,223.0,220.0800018310547,222.80999755859375,222.80999755859375,1655200,CHTR
2016-06-22,222.4600067138672,224.00999450683594,220.6199951171875,222.38999938964844,222.38999938964844,1905400,CHTR
2016-06-23,223.27999877929688,225.39999389648438,221.0500030517578,224.8699951171875,224.8699951171875,1751700,CHTR
2016-06-24,219.1699981689453,224.22999572753906,215.17999267578125,216.8000030517578,216.8000030517578,5933500,CHTR
2016-06-27,215.22999572753906,217.6300048828125,214.05999755859375,216.27999877929688,216.27999877929688,2649700,CHTR
2016-06-28,217.52000427246094,220.6199951171875,216.08999633789062,218.3800048828125,218.3800048828125,1573200,CHTR
2016-06-29,220.0,228.19000244140625,219.8800048828125,227.3699951171875,227.3699951171875,2183000,CHTR
2016-06-30,226.9199981689453,229.8000030517578,225.74000549316406,228.63999938964844,228.63999938964844,2151600,CHTR
2016-07-01,228.67999267578125,232.64999389648438,226.80999755859375,232.2899932861328,232.2899932861328,1829700,CHTR
2016-07-05,231.6699981689453,234.47000122070312,230.19000244140625,231.77000427246094,231.77000427246094,2492800,CHTR
2016-07-06,231.0,232.99000549316406,229.00999450683594,232.77999877929688,232.77999877929688,1313000,CHTR
2016-07-07,232.33999633789062,235.1999969482422,232.02000427246094,234.8699951171875,234.8699951171875,1164000,CHTR
2016-07-08,237.05999755859375,238.27000427246094,235.88999938964844,237.1699981689453,237.1699981689453,1615400,CHTR
2016-07-11,238.0800018310547,240.10000610351562,237.0800018310547,239.8699951171875,239.8699951171875,1289000,CHTR
2016-07-12,239.52000427246094,241.47999572753906,237.7899932861328,238.4499969482422,238.4499969482422,1532700,CHTR
2016-07-13,239.86000061035156,240.4499969482422,237.3000030517578,237.42999267578125,237.42999267578125,1215100,CHTR
2016-07-14,239.24000549316406,239.94000244140625,235.94000244140625,239.11000061035156,239.11000061035156,941900,CHTR
2016-07-15,240.41000366210938,240.41000366210938,234.2100067138672,234.97999572753906,234.97999572753906,1987300,CHTR
2016-07-18,235.19000244140625,236.25999450683594,233.27000427246094,234.33999633789062,234.33999633789062,753200,CHTR
2016-07-19,234.1300048828125,235.0,231.89999389648438,232.00999450683594,232.00999450683594,1373000,CHTR
2016-07-20,232.91000366210938,236.5399932861328,227.6300048828125,236.19000244140625,236.19000244140625,1987100,CHTR
2016-07-21,234.8300018310547,240.8699951171875,233.6999969482422,240.47999572753906,240.47999572753906,1715300,CHTR
2016-07-22,241.36000061035156,244.44000244140625,239.0,243.47000122070312,243.47000122070312,1648900,CHTR
2016-07-25,243.35000610351562,244.50999450683594,240.10000610351562,240.69000244140625,240.69000244140625,1027000,CHTR
2016-07-26,241.69000244140625,242.61000061035156,235.2100067138672,237.97999572753906,237.97999572753906,1162300,CHTR
2016-07-27,239.94000244140625,240.2899932861328,236.67999267578125,237.72000122070312,237.72000122070312,1167600,CHTR
2016-07-28,237.07000732421875,239.38999938964844,237.07000732421875,237.8000030517578,237.8000030517578,784200,CHTR
2016-07-29,238.5500030517578,238.88999938964844,234.77000427246094,234.8699951171875,234.8699951171875,1008100,CHTR
2016-08-01,235.5399932861328,238.9600067138672,234.16000366210938,236.0,236.0,1710400,CHTR
2016-08-02,237.50999450683594,238.52999877929688,235.17999267578125,235.7899932861328,235.7899932861328,1329400,CHTR
2016-08-03,235.75,237.72000122070312,234.7899932861328,237.11000061035156,237.11000061035156,949500,CHTR
2016-08-04,236.88999938964844,238.94000244140625,235.89999389648438,236.99000549316406,236.99000549316406,902000,CHTR
2016-08-05,238.00999450683594,238.44000244140625,234.41000366210938,234.7899932861328,234.7899932861328,917100,CHTR
2016-08-08,234.5500030517578,239.3699951171875,233.0,236.82000732421875,236.82000732421875,1998600,CHTR
2016-08-09,237.0,260.3900146484375,236.05999755859375,255.75999450683594,255.75999450683594,5655700,CHTR
2016-08-10,255.77000427246094,257.3800048828125,253.2100067138672,254.07000732421875,254.07000732421875,1996500,CHTR
2016-08-11,253.2100067138672,258.3599853515625,252.5,258.05999755859375,258.05999755859375,1467800,CHTR
2016-08-12,256.5299987792969,258.8999938964844,255.0399932861328,258.6199951171875,258.6199951171875,948200,CHTR
2016-08-15,259.489990234375,261.75,259.0299987792969,260.510009765625,260.510009765625,1144500,CHTR
2016-08-16,260.489990234375,261.42999267578125,256.7300109863281,257.1400146484375,257.1400146484375,881200,CHTR
2016-08-17,256.29998779296875,258.8999938964844,254.2100067138672,257.42999267578125,257.42999267578125,1108700,CHTR
2016-08-18,257.3500061035156,258.8800048828125,253.4199981689453,254.8300018310547,254.8300018310547,1700700,CHTR
2016-08-19,253.52999877929688,253.9600067138672,250.75,252.6300048828125,252.6300048828125,2067500,CHTR
2016-08-22,253.0800018310547,253.0800018310547,250.0500030517578,252.64999389648438,252.64999389648438,1005600,CHTR
2016-08-23,253.44000244140625,254.30999755859375,250.9199981689453,252.24000549316406,252.24000549316406,944800,CHTR
2016-08-24,251.60000610351562,253.8699951171875,249.8800048828125,251.74000549316406,251.74000549316406,857300,CHTR
2016-08-25,251.7899932861328,253.33999633789062,251.00999450683594,252.07000732421875,252.07000732421875,457900,CHTR
2016-08-26,252.72999572753906,253.33999633789062,249.1300048828125,250.92999267578125,250.92999267578125,926500,CHTR
2016-08-29,251.69000244140625,255.0,251.69000244140625,252.30999755859375,252.30999755859375,1035600,CHTR
2016-08-30,251.5500030517578,256.7200012207031,250.89999389648438,256.0299987792969,256.0299987792969,1425700,CHTR
2016-08-31,255.25999450683594,258.3500061035156,254.44000244140625,257.2099914550781,257.2099914550781,1458500,CHTR
2016-09-01,267.0,272.80999755859375,264.3699951171875,268.82000732421875,268.82000732421875,7872000,CHTR
2016-09-02,268.67999267578125,272.9599914550781,268.67999267578125,271.7900085449219,271.7900085449219,3715000,CHTR
2016-09-06,279.95001220703125,279.95001220703125,270.0199890136719,274.6700134277344,274.6700134277344,5043800,CHTR
2016-09-07,273.4200134277344,277.69000244140625,272.6499938964844,277.55999755859375,277.55999755859375,35466600,CHTR
2016-09-08,276.20001220703125,276.45001220703125,267.3800048828125,268.6600036621094,268.6600036621094,5006600,CHTR
2016-09-09,266.3599853515625,267.489990234375,264.1199951171875,264.1199951171875,264.1199951171875,2897700,CHTR
2016-09-12,263.760009765625,269.70001220703125,263.2699890136719,269.30999755859375,269.30999755859375,2537000,CHTR
2016-09-13,266.80999755859375,268.4599914550781,262.57000732421875,264.9700012207031,264.9700012207031,1981200,CHTR
2016-09-14,262.1099853515625,267.9100036621094,262.1099853515625,266.69000244140625,266.69000244140625,1299200,CHTR
2016-09-15,265.92999267578125,268.8299865722656,264.760009765625,266.2699890136719,266.2699890136719,1692800,CHTR
2016-09-16,266.2200012207031,266.8699951171875,264.1600036621094,265.94000244140625,265.94000244140625,2514900,CHTR
2016-09-19,266.3800048828125,268.0899963378906,262.70001220703125,262.92999267578125,262.92999267578125,2133000,CHTR
2016-09-20,264.2099914550781,266.0,261.67999267578125,264.55999755859375,264.55999755859375,1968200,CHTR
2016-09-21,266.0,274.7799987792969,266.0,274.2699890136719,274.2699890136719,2320200,CHTR
2016-09-22,276.0,277.6199951171875,273.510009765625,276.7300109863281,276.7300109863281,1621400,CHTR
2016-09-23,275.6499938964844,276.95001220703125,274.8900146484375,276.0799865722656,276.0799865722656,833900,CHTR
2016-09-26,275.0199890136719,275.6300048828125,272.489990234375,273.82000732421875,273.82000732421875,1295200,CHTR
2016-09-27,273.3299865722656,277.7699890136719,271.30999755859375,275.3999938964844,275.3999938964844,1269300,CHTR
2016-09-28,275.3999938964844,276.6099853515625,273.6600036621094,276.57000732421875,276.57000732421875,1175300,CHTR
2016-09-29,275.260009765625,276.1099853515625,269.1400146484375,271.8299865722656,271.8299865722656,1793600,CHTR
2016-09-30,268.8999938964844,272.4100036621094,268.8999938964844,269.9700012207031,269.9700012207031,1875200,CHTR
2016-10-03,269.67999267578125,270.989990234375,266.04998779296875,268.1600036621094,268.1600036621094,1908900,CHTR
2016-10-04,267.3800048828125,269.55999755859375,265.92999267578125,267.4100036621094,267.4100036621094,1745300,CHTR
2016-10-05,268.7300109863281,269.29998779296875,266.19000244140625,267.0799865722656,267.0799865722656,1333400,CHTR
2016-10-06,267.0,269.4599914550781,266.3599853515625,268.1700134277344,268.1700134277344,1079500,CHTR
2016-10-07,269.0400085449219,269.0400085449219,266.9200134277344,266.9700012207031,266.9700012207031,1373500,CHTR
2016-10-10,268.29998779296875,268.8500061035156,266.239990234375,267.8500061035156,267.8500061035156,2016300,CHTR
2016-10-11,262.32000732421875,263.82000732421875,257.510009765625,257.8599853515625,257.8599853515625,3440500,CHTR
2016-10-12,257.9100036621094,259.3299865722656,256.82000732421875,256.8900146484375,256.8900146484375,1702800,CHTR
2016-10-13,255.72000122070312,257.2699890136719,253.3800048828125,256.3999938964844,256.3999938964844,1284400,CHTR
2016-10-14,257.9200134277344,261.3299865722656,255.80999755859375,257.5899963378906,257.5899963378906,1112900,CHTR
2016-10-17,257.82000732421875,260.20001220703125,256.9800109863281,257.5199890136719,257.5199890136719,822800,CHTR
2016-10-18,259.6199951171875,261.510009765625,259.510009765625,259.95001220703125,259.95001220703125,1127200,CHTR
2016-10-19,260.80999755859375,262.9200134277344,259.4200134277344,260.20001220703125,260.20001220703125,1319300,CHTR
2016-10-20,260.5,260.5400085449219,257.55999755859375,258.1199951171875,258.1199951171875,1518500,CHTR
2016-10-21,256.20001220703125,257.3699951171875,254.0800018310547,255.05999755859375,255.05999755859375,2250500,CHTR
2016-10-24,257.260009765625,259.7799987792969,254.72000122070312,259.6000061035156,259.6000061035156,1382000,CHTR
2016-10-25,259.989990234375,261.010009765625,256.0199890136719,257.05999755859375,257.05999755859375,1680700,CHTR
2016-10-26,256.6000061035156,257.1499938964844,247.0,248.63999938964844,248.63999938964844,2999400,CHTR
2016-10-27,249.0399932861328,249.8800048828125,242.47000122070312,244.10000610351562,244.10000610351562,2875500,CHTR
2016-10-28,245.02000427246094,252.25999450683594,245.02000427246094,249.25,249.25,2041700,CHTR
2016-10-31,250.6199951171875,251.25,247.38999938964844,249.88999938964844,249.88999938964844,1230000,CHTR
2016-11-01,250.0,251.27000427246094,245.42999267578125,249.57000732421875,249.57000732421875,1676400,CHTR
2016-11-02,249.36000061035156,254.5500030517578,248.2899932861328,252.91000366210938,252.91000366210938,3472100,CHTR
2016-11-03,267.57000732421875,269.19000244140625,242.63999938964844,247.4199981689453,247.4199981689453,4560400,CHTR
2016-11-04,241.5,254.42999267578125,241.5,250.22999572753906,250.22999572753906,2424200,CHTR
2016-11-07,254.72999572753906,257.5,252.89999389648438,257.1600036621094,257.1600036621094,2372700,CHTR
2016-11-08,257.5799865722656,263.32000732421875,255.3699951171875,262.260009765625,262.260009765625,1716800,CHTR
2016-11-09,259.1300048828125,277.9800109863281,259.0,269.8299865722656,269.8299865722656,4369700,CHTR
2016-11-10,271.20001220703125,281.3599853515625,266.5799865722656,270.8699951171875,270.8699951171875,5210900,CHTR
2016-11-11,269.07000732421875,273.7900085449219,265.32000732421875,272.44000244140625,272.44000244140625,2111900,CHTR
2016-11-14,272.2900085449219,273.989990234375,263.05999755859375,263.1400146484375,263.1400146484375,2475000,CHTR
2016-11-15,263.2099914550781,267.8599853515625,259.95001220703125,260.20001220703125,260.20001220703125,2688200,CHTR
2016-11-16,260.0,262.6400146484375,258.6300048828125,261.989990234375,261.989990234375,2343900,CHTR
2016-11-17,262.20001220703125,266.57000732421875,261.2099914550781,265.4800109863281,265.4800109863281,1346900,CHTR
2016-11-18,264.19000244140625,266.0,260.0,262.70001220703125,262.70001220703125,1796800,CHTR
2016-11-21,263.82000732421875,265.7099914550781,260.1700134277344,264.1000061035156,264.1000061035156,1581800,CHTR
2016-11-22,264.94000244140625,273.260009765625,264.260009765625,273.0199890136719,273.0199890136719,2800400,CHTR
2016-11-23,272.3399963378906,273.95001220703125,270.6499938964844,272.30999755859375,272.30999755859375,1358500,CHTR
2016-11-25,273.0,275.92999267578125,272.05999755859375,275.5,275.5,626900,CHTR
2016-11-28,275.7099914550781,275.82000732421875,270.2799987792969,270.82000732421875,270.82000732421875,1707000,CHTR
2016-11-29,272.1400146484375,281.42999267578125,271.1400146484375,280.489990234375,280.489990234375,2657300,CHTR
2016-11-30,280.489990234375,281.0799865722656,272.0199890136719,275.30999755859375,275.30999755859375,2486300,CHTR
2016-12-01,273.54998779296875,276.0,269.95001220703125,272.54998779296875,272.54998779296875,1401200,CHTR
2016-12-02,273.0400085449219,274.1099853515625,265.7799987792969,266.6700134277344,266.6700134277344,1751500,CHTR
2016-12-05,268.3599853515625,273.9599914550781,267.010009765625,270.92999267578125,270.92999267578125,1765000,CHTR
2016-12-06,272.1700134277344,277.0899963378906,271.32000732421875,276.32000732421875,276.32000732421875,1233300,CHTR
2016-12-07,276.44000244140625,287.2699890136719,275.1099853515625,284.25,284.25,2007700,CHTR
2016-12-08,285.3999938964844,285.3999938964844,278.6099853515625,279.0,279.0,1757700,CHTR
2016-12-09,279.739990234375,280.489990234375,276.510009765625,278.80999755859375,278.80999755859375,1317200,CHTR
2016-12-12,281.0400085449219,281.95001220703125,275.9800109863281,277.9200134277344,277.9200134277344,1490400,CHTR
2016-12-13,279.5899963378906,285.1000061035156,275.3399963378906,283.8599853515625,283.8599853515625,1485400,CHTR
2016-12-14,283.8999938964844,293.4200134277344,281.989990234375,288.260009765625,288.260009765625,2460100,CHTR
2016-12-15,288.1600036621094,293.739990234375,287.989990234375,291.1600036621094,291.1600036621094,1842800,CHTR
2016-12-16,292.6199951171875,294.6600036621094,287.6499938964844,288.44000244140625,288.44000244140625,2332000,CHTR
2016-12-19,288.9599914550781,292.0,287.0899963378906,288.9100036621094,288.9100036621094,929900,CHTR
2016-12-20,288.4599914550781,291.6099853515625,288.0899963378906,290.3800048828125,290.3800048828125,880100,CHTR
2016-12-21,290.6300048828125,292.8500061035156,288.010009765625,291.239990234375,291.239990234375,813100,CHTR
2016-12-22,291.0299987792969,291.7900085449219,287.4700012207031,291.0199890136719,291.0199890136719,770300,CHTR
2016-12-23,290.7300109863281,292.9700012207031,288.94000244140625,290.42999267578125,290.42999267578125,627500,CHTR
2016-12-27,291.54998779296875,293.2900085449219,290.0,291.79998779296875,291.79998779296875,837200,CHTR
2016-12-28,293.010009765625,293.7300109863281,290.42999267578125,291.1199951171875,291.1199951171875,882600,CHTR
2016-12-29,291.0199890136719,294.8699951171875,290.1099853515625,292.19000244140625,292.19000244140625,1031000,CHTR
2016-12-30,292.1600036621094,292.989990234375,285.04998779296875,287.9200134277344,287.9200134277344,1327600,CHTR
2017-01-03,290.239990234375,291.44000244140625,282.5400085449219,285.7699890136719,285.7699890136719,1697700,CHTR
2017-01-04,286.9800109863281,292.0799865722656,284.2300109863281,291.54998779296875,291.54998779296875,1632500,CHTR
2017-01-05,289.75,297.1300048828125,289.7300109863281,296.1700134277344,296.1700134277344,1711900,CHTR
2017-01-06,296.1199951171875,298.7900085449219,294.4599914550781,298.1600036621094,298.1600036621094,1101300,CHTR
2017-01-09,297.20001220703125,297.94000244140625,294.7099914550781,296.260009765625,296.260009765625,1719500,CHTR
2017-01-10,296.6600036621094,300.1499938964844,293.4599914550781,298.20001220703125,298.20001220703125,1510100,CHTR
2017-01-11,297.45001220703125,300.0400085449219,296.1000061035156,299.5400085449219,299.5400085449219,1238000,CHTR
2017-01-12,298.04998779296875,298.239990234375,294.55999755859375,297.19000244140625,297.19000244140625,1415400,CHTR
2017-01-13,297.30999755859375,300.07000732421875,296.8900146484375,298.42999267578125,298.42999267578125,1023500,CHTR
2017-01-17,294.0199890136719,306.3699951171875,292.8399963378906,306.1400146484375,306.1400146484375,3907500,CHTR
2017-01-18,306.1499938964844,307.32000732421875,302.0899963378906,303.69000244140625,303.69000244140625,1220600,CHTR
2017-01-19,302.92999267578125,307.760009765625,301.2799987792969,306.1300048828125,306.1300048828125,1140400,CHTR
2017-01-20,307.6400146484375,309.17999267578125,306.1600036621094,308.44000244140625,308.44000244140625,1327000,CHTR
2017-01-23,307.20001220703125,309.8500061035156,306.1700134277344,308.70001220703125,308.70001220703125,1762400,CHTR
2017-01-24,309.739990234375,310.2099914550781,307.010009765625,308.3500061035156,308.3500061035156,1058800,CHTR
2017-01-25,309.1499938964844,311.20001220703125,307.1600036621094,310.30999755859375,310.30999755859375,1114700,CHTR
2017-01-26,333.3699951171875,341.5,324.80999755859375,333.1499938964844,333.1499938964844,12359700,CHTR
2017-01-27,332.9200134277344,334.1199951171875,316.9599914550781,323.54998779296875,323.54998779296875,2748900,CHTR
2017-01-30,323.4800109863281,325.260009765625,316.989990234375,324.79998779296875,324.79998779296875,2103500,CHTR
2017-01-31,322.6499938964844,325.2699890136719,321.0299987792969,323.95001220703125,323.95001220703125,1005900,CHTR
2017-02-01,323.8500061035156,327.010009765625,321.94000244140625,326.8500061035156,326.8500061035156,944000,CHTR
2017-02-02,325.6400146484375,326.8399963378906,324.19000244140625,324.4100036621094,324.4100036621094,842500,CHTR
2017-02-03,325.42999267578125,329.1000061035156,324.1199951171875,328.7099914550781,328.7099914550781,1105800,CHTR
2017-02-06,327.8299865722656,328.2799987792969,319.17999267578125,322.6000061035156,322.6000061035156,2395700,CHTR
2017-02-07,322.9800109863281,325.3900146484375,321.3299865722656,323.3699951171875,323.3699951171875,1892100,CHTR
2017-02-08,323.54998779296875,327.5,323.20001220703125,325.7300109863281,325.7300109863281,982700,CHTR
2017-02-09,325.8399963378906,326.4599914550781,321.239990234375,325.07000732421875,325.07000732421875,1224600,CHTR
2017-02-10,325.07000732421875,325.9800109863281,321.6099853515625,324.55999755859375,324.55999755859375,1035100,CHTR
2017-02-13,325.0,325.1199951171875,319.3999938964844,323.0199890136719,323.0199890136719,1708100,CHTR
2017-02-14,321.9100036621094,323.7799987792969,320.260009765625,322.0,322.0,1091500,CHTR
2017-02-15,321.8500061035156,326.17999267578125,320.0199890136719,325.17999267578125,325.17999267578125,1380200,CHTR
2017-02-16,320.0,327.3299865722656,317.0199890136719,324.4599914550781,324.4599914550781,2050800,CHTR
2017-02-17,323.8699951171875,327.1000061035156,319.7200012207031,326.54998779296875,326.54998779296875,1532200,CHTR
2017-02-21,324.29998779296875,326.9700012207031,321.510009765625,325.1499938964844,325.1499938964844,1283800,CHTR
2017-02-22,323.29998779296875,326.1199951171875,322.4599914550781,325.1400146484375,325.1400146484375,1475200,CHTR
2017-02-23,326.0899963378906,326.1000061035156,321.1700134277344,324.42999267578125,324.42999267578125,1530200,CHTR
2017-02-24,324.3800048828125,327.30999755859375,322.7200012207031,326.75,326.75,1160200,CHTR
2017-02-27,326.9200134277344,328.70001220703125,324.9100036621094,326.7300109863281,326.7300109863281,918200,CHTR
2017-02-28,326.0299987792969,326.7799987792969,320.25,323.05999755859375,323.05999755859375,1292900,CHTR
2017-03-01,325.760009765625,328.1000061035156,321.6600036621094,325.1700134277344,325.1700134277344,1493000,CHTR
2017-03-02,324.67999267578125,324.67999267578125,321.8299865722656,323.95001220703125,323.95001220703125,897000,CHTR
2017-03-03,323.57000732421875,323.57000732421875,320.510009765625,322.32000732421875,322.32000732421875,1130500,CHTR
2017-03-06,321.260009765625,324.5400085449219,319.45001220703125,323.7699890136719,323.7699890136719,765500,CHTR
2017-03-07,323.9100036621094,327.0400085449219,322.3599853515625,323.239990234375,323.239990234375,1093500,CHTR
2017-03-08,323.1700134277344,325.0799865722656,321.67999267578125,322.6000061035156,322.6000061035156,1029200,CHTR
2017-03-09,322.8699951171875,326.1000061035156,321.42999267578125,323.1400146484375,323.1400146484375,921400,CHTR
2017-03-10,325.57000732421875,325.80999755859375,322.739990234375,323.4800109863281,323.4800109863281,728500,CHTR
2017-03-13,323.19000244140625,325.55999755859375,323.0,324.3399963378906,324.3399963378906,732500,CHTR
2017-03-14,323.69000244140625,326.1600036621094,323.6300048828125,324.6400146484375,324.6400146484375,551600,CHTR
2017-03-15,324.8399963378906,326.8900146484375,323.82000732421875,325.3800048828125,325.3800048828125,1125000,CHTR
2017-03-16,324.69000244140625,326.82000732421875,323.3399963378906,323.7200012207031,323.7200012207031,725000,CHTR
2017-03-17,324.95001220703125,326.2699890136719,322.4800109863281,325.80999755859375,325.80999755859375,1451000,CHTR
2017-03-20,326.05999755859375,326.30999755859375,322.42999267578125,324.989990234375,324.989990234375,752800,CHTR
2017-03-21,325.2300109863281,326.2699890136719,319.9800109863281,320.6600036621094,320.6600036621094,801100,CHTR
2017-03-22,321.44000244140625,322.260009765625,318.92999267578125,321.20001220703125,321.20001220703125,803300,CHTR
2017-03-23,320.5,326.75,319.5,323.6199951171875,323.6199951171875,1001500,CHTR
2017-03-24,324.94000244140625,327.739990234375,323.6400146484375,325.3500061035156,325.3500061035156,1442000,CHTR
2017-03-27,323.739990234375,325.760009765625,319.6099853515625,323.1400146484375,323.1400146484375,1168900,CHTR
2017-03-28,322.04998779296875,325.7300109863281,320.6000061035156,324.0799865722656,324.0799865722656,1190300,CHTR
2017-03-29,323.8999938964844,327.1199951171875,323.2799987792969,325.94000244140625,325.94000244140625,810800,CHTR
2017-03-30,325.1300048828125,328.54998779296875,322.5799865722656,328.1199951171875,328.1199951171875,850600,CHTR
2017-03-31,326.7300109863281,330.9100036621094,326.0299987792969,327.32000732421875,327.32000732421875,1050200,CHTR
2017-04-03,327.5,330.80999755859375,325.0199890136719,328.2699890136719,328.2699890136719,1121600,CHTR
2017-04-04,328.3999938964844,334.0,326.9599914550781,331.5199890136719,331.5199890136719,1618900,CHTR
2017-04-05,332.2099914550781,338.75,329.54998779296875,331.989990234375,331.989990234375,1535100,CHTR
2017-04-06,331.75,336.9599914550781,330.54998779296875,336.79998779296875,336.79998779296875,1638100,CHTR
2017-04-07,337.6700134277344,338.510009765625,330.54998779296875,330.6499938964844,330.6499938964844,1494500,CHTR
2017-04-10,330.45001220703125,333.1499938964844,329.55999755859375,331.3699951171875,331.3699951171875,965600,CHTR
2017-04-11,330.4200134277344,332.6600036621094,328.0,332.29998779296875,332.29998779296875,877300,CHTR
2017-04-12,331.010009765625,335.69000244140625,330.5400085449219,334.57000732421875,334.57000732421875,1061600,CHTR
2017-04-13,335.2799987792969,335.70001220703125,329.6499938964844,330.0,330.0,705200,CHTR
2017-04-17,331.7300109863281,332.7099914550781,329.0799865722656,330.3599853515625,330.3599853515625,730300,CHTR
2017-04-18,329.6199951171875,331.0,325.95001220703125,328.17999267578125,328.17999267578125,1392600,CHTR
2017-04-19,330.010009765625,335.9599914550781,328.30999755859375,333.6099853515625,333.6099853515625,1011000,CHTR
2017-04-20,335.2799987792969,337.04998779296875,333.17999267578125,335.5899963378906,335.5899963378906,888000,CHTR
2017-04-21,336.44000244140625,339.6400146484375,335.739990234375,338.4800109863281,338.4800109863281,1092200,CHTR
2017-04-24,340.0299987792969,342.1400146484375,338.739990234375,340.3599853515625,340.3599853515625,1138200,CHTR
2017-04-25,341.9800109863281,345.29998779296875,340.8900146484375,344.5,344.5,1405600,CHTR
2017-04-26,345.510009765625,350.3800048828125,344.8500061035156,345.3999938964844,345.3999938964844,1495400,CHTR
2017-04-27,346.1000061035156,350.3500061035156,346.1000061035156,348.79998779296875,348.79998779296875,865200,CHTR
2017-04-28,349.8299865722656,349.989990234375,342.7799987792969,345.1600036621094,345.1600036621094,1251700,CHTR
2017-05-01,346.2900085449219,347.25,341.8699951171875,344.1400146484375,344.1400146484375,1528300,CHTR
2017-05-02,338.8900146484375,340.1300048828125,333.20001220703125,337.69000244140625,337.69000244140625,2490300,CHTR
2017-05-03,335.3999938964844,337.4800109863281,321.44000244140625,324.489990234375,324.489990234375,4124300,CHTR
2017-05-04,324.8900146484375,327.3999938964844,322.25,322.6000061035156,322.6000061035156,1782300,CHTR
2017-05-05,324.6099853515625,334.8699951171875,324.510009765625,334.7799987792969,334.7799987792969,1989000,CHTR
2017-05-08,329.5199890136719,331.0,321.7200012207031,323.80999755859375,323.80999755859375,3222000,CHTR
2017-05-09,323.29998779296875,327.8299865722656,320.1199951171875,325.5199890136719,325.5199890136719,1476500,CHTR
2017-05-10,324.5299987792969,327.17999267578125,323.0899963378906,325.5799865722656,325.5799865722656,940300,CHTR
2017-05-11,325.2799987792969,327.1199951171875,323.20001220703125,324.6099853515625,324.6099853515625,1071100,CHTR
2017-05-12,324.79998779296875,326.6000061035156,321.79998779296875,322.0,322.0,1523700,CHTR
2017-05-15,322.239990234375,324.29998779296875,320.6300048828125,321.07000732421875,321.07000732421875,1944100,CHTR
2017-05-16,322.3599853515625,324.04998779296875,319.2099914550781,320.010009765625,320.010009765625,1459300,CHTR
2017-05-17,319.1400146484375,320.3599853515625,312.489990234375,313.1099853515625,313.1099853515625,2390100,CHTR
2017-05-18,314.1600036621094,317.8699951171875,312.55999755859375,315.8800048828125,315.8800048828125,1797400,CHTR
2017-05-19,315.010009765625,318.3999938964844,313.9200134277344,315.7799987792969,315.7799987792969,1920800,CHTR
2017-05-22,315.7799987792969,318.510009765625,315.5199890136719,316.4200134277344,316.4200134277344,1841700,CHTR
2017-05-23,317.3399963378906,320.4800109863281,314.5,318.7900085449219,318.7900085449219,1444100,CHTR
2017-05-24,320.20001220703125,332.2799987792969,318.29998779296875,329.0400085449219,329.0400085449219,1789300,CHTR
2017-05-25,329.5899963378906,336.2799987792969,329.0,333.760009765625,333.760009765625,2180000,CHTR
2017-05-26,334.3800048828125,338.9100036621094,333.010009765625,337.44000244140625,337.44000244140625,926700,CHTR
2017-05-30,336.489990234375,340.0,334.8500061035156,338.9200134277344,338.9200134277344,1062400,CHTR
2017-05-31,340.0,345.8500061035156,338.7300109863281,345.54998779296875,345.54998779296875,2012000,CHTR
2017-06-01,346.5,354.04998779296875,339.4700012207031,346.3900146484375,346.3900146484375,2390000,CHTR
2017-06-02,348.1099853515625,353.3699951171875,347.5,353.0299987792969,353.0299987792969,1586300,CHTR
2017-06-05,355.0,355.0,343.7200012207031,344.42999267578125,344.42999267578125,1479000,CHTR
2017-06-06,344.4599914550781,345.5199890136719,341.7099914550781,342.8299865722656,342.8299865722656,1042000,CHTR
2017-06-07,343.6600036621094,347.010009765625,341.6400146484375,345.8800048828125,345.8800048828125,966000,CHTR
2017-06-08,344.8999938964844,345.239990234375,333.3800048828125,337.45001220703125,337.45001220703125,1990800,CHTR
2017-06-09,338.510009765625,340.1300048828125,329.9700012207031,332.8399963378906,332.8399963378906,1442800,CHTR
2017-06-12,330.8999938964844,339.239990234375,329.0400085449219,338.6499938964844,338.6499938964844,1395700,CHTR
2017-06-13,335.989990234375,344.2200012207031,335.989990234375,341.80999755859375,341.80999755859375,1106300,CHTR
2017-06-14,342.8299865722656,344.1700134277344,336.1300048828125,338.3299865722656,338.3299865722656,1276600,CHTR
2017-06-15,336.80999755859375,340.57000732421875,333.5,338.3399963378906,338.3399963378906,1318700,CHTR
2017-06-16,335.94000244140625,340.989990234375,331.0799865722656,340.2200012207031,340.2200012207031,2406100,CHTR
2017-06-19,342.0,345.19000244140625,339.9700012207031,340.260009765625,340.260009765625,1883700,CHTR
2017-06-20,337.95001220703125,339.92999267578125,329.42999267578125,333.6099853515625,333.6099853515625,2161100,CHTR
2017-06-21,333.8500061035156,335.3699951171875,332.8699951171875,333.8800048828125,333.8800048828125,1045900,CHTR
2017-06-22,333.92999267578125,340.239990234375,333.5400085449219,334.1300048828125,334.1300048828125,1116000,CHTR
2017-06-23,334.7900085449219,335.42999267578125,326.3999938964844,330.79998779296875,330.79998779296875,3100600,CHTR
2017-06-26,331.67999267578125,333.6400146484375,330.1700134277344,332.6499938964844,332.6499938964844,941900,CHTR
2017-06-27,330.75,332.2900085449219,327.1400146484375,329.8699951171875,329.8699951171875,1448200,CHTR
2017-06-28,330.55999755859375,340.95001220703125,329.239990234375,340.29998779296875,340.29998779296875,1513300,CHTR
2017-06-29,339.3800048828125,340.19000244140625,332.1300048828125,335.739990234375,335.739990234375,2025200,CHTR
2017-06-30,338.2900085449219,338.4100036621094,332.3999938964844,336.8500061035156,336.8500061035156,1394600,CHTR
2017-07-03,338.260009765625,339.45001220703125,328.6499938964844,328.6700134277344,328.6700134277344,793700,CHTR
2017-07-05,329.2300109863281,335.239990234375,328.79998779296875,335.1099853515625,335.1099853515625,1341900,CHTR
2017-07-06,334.010009765625,335.5199890136719,331.05999755859375,332.17999267578125,332.17999267578125,1251900,CHTR
2017-07-07,332.0799865722656,334.42999267578125,330.5799865722656,332.42999267578125,332.42999267578125,870500,CHTR
2017-07-10,333.1300048828125,338.3999938964844,332.1000061035156,336.6000061035156,336.6000061035156,1016000,CHTR
2017-07-11,337.1199951171875,339.8500061035156,334.44000244140625,337.8500061035156,337.8500061035156,953300,CHTR
2017-07-12,340.7900085449219,344.8299865722656,339.04998779296875,342.6499938964844,342.6499938964844,1071200,CHTR
2017-07-13,343.07000732421875,343.2300109863281,338.0,339.0400085449219,339.0400085449219,930200,CHTR
2017-07-14,340.79998779296875,344.510009765625,335.7900085449219,342.79998779296875,342.79998779296875,1086000,CHTR
2017-07-17,342.0899963378906,345.2799987792969,341.95001220703125,342.30999755859375,342.30999755859375,967100,CHTR
2017-07-18,340.9800109863281,345.4200134277344,338.3999938964844,344.6300048828125,344.6300048828125,895200,CHTR
2017-07-19,345.0199890136719,347.260009765625,342.9700012207031,346.6099853515625,346.6099853515625,1256300,CHTR
2017-07-20,346.4700012207031,349.6700134277344,344.32000732421875,345.29998779296875,345.29998779296875,1244800,CHTR
2017-07-21,345.29998779296875,351.8699951171875,345.29998779296875,350.07000732421875,350.07000732421875,1340200,CHTR
2017-07-24,349.7900085449219,350.42999267578125,345.25,348.0799865722656,348.0799865722656,1473700,CHTR
2017-07-25,349.4700012207031,350.8900146484375,346.5799865722656,348.0,348.0,881700,CHTR
2017-07-26,348.79998779296875,351.67999267578125,346.0299987792969,348.7699890136719,348.7699890136719,2265800,CHTR
2017-07-27,354.0,370.9599914550781,353.0199890136719,366.8999938964844,366.8999938964844,3552400,CHTR
2017-07-28,365.3900146484375,372.3699951171875,361.0,370.260009765625,370.260009765625,1600300,CHTR
2017-07-31,396.5,399.9100036621094,385.3999938964844,391.9700012207031,391.9700012207031,6272700,CHTR
2017-08-01,392.8399963378906,392.9700012207031,383.7300109863281,387.4200134277344,387.4200134277344,2274000,CHTR
2017-08-02,386.3900146484375,388.25,381.70001220703125,385.5400085449219,385.5400085449219,1370400,CHTR
2017-08-03,384.5400085449219,387.4100036621094,383.2900085449219,384.29998779296875,384.29998779296875,1006600,CHTR
2017-08-04,385.0,386.0,380.55999755859375,384.6300048828125,384.6300048828125,697900,CHTR
2017-08-07,384.6499938964844,386.45001220703125,380.7699890136719,381.0199890136719,381.0199890136719,1309000,CHTR
2017-08-08,380.0199890136719,393.239990234375,378.260009765625,389.75,389.75,1913100,CHTR
2017-08-09,387.8900146484375,408.8299865722656,386.3800048828125,400.8999938964844,400.8999938964844,3978100,CHTR
2017-08-10,398.69000244140625,404.05999755859375,396.7200012207031,398.67999267578125,398.67999267578125,2070000,CHTR
2017-08-11,400.0799865722656,402.45001220703125,392.6000061035156,394.489990234375,394.489990234375,2399800,CHTR
2017-08-14,398.7799987792969,405.3299865722656,397.0,401.0799865722656,401.0799865722656,2439900,CHTR
2017-08-15,401.04998779296875,403.3599853515625,395.9200134277344,397.7300109863281,397.7300109863281,2258100,CHTR
2017-08-16,399.3500061035156,402.489990234375,397.17999267578125,400.7799987792969,400.7799987792969,1727300,CHTR
2017-08-17,401.0,401.6499938964844,393.1700134277344,393.3599853515625,393.3599853515625,1596000,CHTR
2017-08-18,391.5299987792969,396.2699890136719,390.7099914550781,392.9700012207031,392.9700012207031,1304100,CHTR
2017-08-21,392.75,396.8999938964844,391.3800048828125,396.45001220703125,396.45001220703125,970800,CHTR
2017-08-22,398.1499938964844,399.989990234375,395.0,397.04998779296875,397.04998779296875,993700,CHTR
2017-08-23,396.2900085449219,396.2900085449219,390.260009765625,390.3299865722656,390.3299865722656,1280600,CHTR
2017-08-24,390.0899963378906,391.5299987792969,384.239990234375,389.2300109863281,389.2300109863281,1401100,CHTR
2017-08-25,391.4200134277344,392.5299987792969,387.510009765625,388.7900085449219,388.7900085449219,758600,CHTR
2017-08-28,390.8800048828125,391.20001220703125,385.94000244140625,389.2300109863281,389.2300109863281,988000,CHTR
2017-08-29,386.6000061035156,390.1700134277344,385.55999755859375,388.82000732421875,388.82000732421875,1118000,CHTR
2017-08-30,388.2200012207031,395.1600036621094,388.2200012207031,393.3699951171875,393.3699951171875,953900,CHTR
2017-08-31,394.5400085449219,398.8800048828125,392.6600036621094,398.5400085449219,398.5400085449219,1921800,CHTR
2017-09-01,398.92999267578125,399.3399963378906,391.8699951171875,392.4800109863281,392.4800109863281,1240600,CHTR
2017-09-05,392.260009765625,395.67999267578125,388.010009765625,393.32000732421875,393.32000732421875,1189200,CHTR
2017-09-06,393.5799865722656,403.6499938964844,389.29998779296875,402.5,402.5,1664500,CHTR
2017-09-07,404.0400085449219,404.7200012207031,387.8900146484375,395.6400146484375,395.6400146484375,2802000,CHTR
2017-09-08,394.6300048828125,395.6000061035156,387.0,392.8999938964844,392.8999938964844,2141700,CHTR
2017-09-11,394.92999267578125,397.3900146484375,380.69000244140625,381.010009765625,381.010009765625,2090700,CHTR
2017-09-12,380.9200134277344,386.1600036621094,374.70001220703125,381.57000732421875,381.57000732421875,2719900,CHTR
2017-09-13,381.4800109863281,386.0,379.4800109863281,385.1300048828125,385.1300048828125,1616200,CHTR
2017-09-14,382.1700134277344,384.760009765625,375.760009765625,376.0,376.0,2338000,CHTR
2017-09-15,375.9100036621094,377.4100036621094,367.69000244140625,369.4700012207031,369.4700012207031,5270000,CHTR
2017-09-18,370.20001220703125,371.510009765625,365.8999938964844,368.1700134277344,368.1700134277344,1870900,CHTR
2017-09-19,368.3900146484375,369.8399963378906,360.42999267578125,364.0199890136719,364.0199890136719,3302200,CHTR
2017-09-20,365.989990234375,371.5,363.5,367.010009765625,367.010009765625,2156500,CHTR
2017-09-21,365.8800048828125,366.3999938964844,359.0899963378906,361.0799865722656,361.0799865722656,2374100,CHTR
2017-09-22,359.5400085449219,363.3299865722656,358.75,360.29998779296875,360.29998779296875,2078500,CHTR
2017-09-25,358.239990234375,360.0400085449219,356.1099853515625,357.5799865722656,357.5799865722656,1773000,CHTR
2017-09-26,359.510009765625,361.010009765625,356.5799865722656,359.0400085449219,359.0400085449219,2090900,CHTR
2017-09-27,359.5899963378906,365.5,356.8800048828125,362.8500061035156,362.8500061035156,2280100,CHTR
2017-09-28,359.5,362.5400085449219,357.260009765625,360.95001220703125,360.95001220703125,1198200,CHTR
2017-09-29,359.7699890136719,365.010009765625,357.67999267578125,363.4200134277344,363.4200134277344,1317400,CHTR
2017-10-02,364.5199890136719,366.5199890136719,362.8699951171875,364.1099853515625,364.1099853515625,1295200,CHTR
2017-10-03,363.94000244140625,370.25,363.2300109863281,369.510009765625,369.510009765625,1272000,CHTR
2017-10-04,368.6099853515625,371.760009765625,367.6000061035156,371.0899963378906,371.0899963378906,920200,CHTR
2017-10-05,371.5400085449219,374.989990234375,369.510009765625,369.7200012207031,369.7200012207031,1801600,CHTR
2017-10-06,370.4200134277344,370.8500061035156,366.6000061035156,367.3999938964844,367.3999938964844,1239000,CHTR
2017-10-09,368.1000061035156,368.69000244140625,364.6400146484375,366.04998779296875,366.04998779296875,1241500,CHTR
2017-10-10,365.989990234375,368.1600036621094,362.8599853515625,364.9200134277344,364.9200134277344,1111000,CHTR
2017-10-11,364.05999755859375,366.9700012207031,361.0299987792969,365.1199951171875,365.1199951171875,1432600,CHTR
2017-10-12,363.0,363.0,352.510009765625,355.7099914550781,355.7099914550781,2582300,CHTR
2017-10-13,354.6199951171875,360.2200012207031,347.5400085449219,357.3999938964844,357.3999938964844,2710300,CHTR
2017-10-16,358.05999755859375,362.7799987792969,357.6099853515625,362.6000061035156,362.6000061035156,1144200,CHTR
2017-10-17,362.5899963378906,362.5899963378906,356.69000244140625,357.8399963378906,357.8399963378906,1178000,CHTR
2017-10-18,357.0400085449219,357.5,350.760009765625,352.07000732421875,352.07000732421875,1326700,CHTR
2017-10-19,351.5199890136719,353.5899963378906,348.42999267578125,351.6700134277344,351.6700134277344,2007000,CHTR
2017-10-20,353.8399963378906,355.5,350.239990234375,350.760009765625,350.760009765625,1317100,CHTR
2017-10-23,350.1499938964844,351.0199890136719,344.1600036621094,345.07000732421875,345.07000732421875,1831900,CHTR
2017-10-24,345.0,345.2300109863281,339.5299987792969,340.260009765625,340.260009765625,2176500,CHTR
2017-10-25,338.69000244140625,345.510009765625,336.57000732421875,344.9100036621094,344.9100036621094,3518400,CHTR
2017-10-26,322.0,328.0899963378906,312.4100036621094,316.2900085449219,316.2900085449219,8927300,CHTR
2017-10-27,314.8299865722656,321.9100036621094,308.29998779296875,319.760009765625,319.760009765625,3539000,CHTR
2017-10-30,318.4700012207031,329.7200012207031,316.760009765625,323.9800109863281,323.9800109863281,3404100,CHTR
2017-10-31,324.3399963378906,339.4200134277344,321.82000732421875,334.1700134277344,334.1700134277344,3726900,CHTR
2017-11-01,335.6199951171875,340.739990234375,335.4700012207031,338.2200012207031,338.2200012207031,2324200,CHTR
2017-11-02,341.32000732421875,341.6700134277344,334.6499938964844,337.6600036621094,337.6600036621094,2074800,CHTR
2017-11-03,334.5899963378906,340.5799865722656,328.0,335.42999267578125,335.42999267578125,2226100,CHTR
2017-11-06,338.0,361.2799987792969,336.6300048828125,348.3999938964844,348.3999938964844,3956700,CHTR
2017-11-07,350.0400085449219,353.989990234375,342.2900085449219,343.010009765625,343.010009765625,1721000,CHTR
2017-11-08,342.5799865722656,343.8399963378906,335.510009765625,337.8999938964844,337.8999938964844,1372500,CHTR
2017-11-09,335.7900085449219,342.3399963378906,333.05999755859375,341.20001220703125,341.20001220703125,1364400,CHTR
2017-11-10,338.489990234375,343.3999938964844,337.2099914550781,338.44000244140625,338.44000244140625,870100,CHTR
2017-11-13,338.5,343.9100036621094,337.07000732421875,343.7200012207031,343.7200012207031,908700,CHTR
2017-11-14,341.29998779296875,344.0,333.9700012207031,336.80999755859375,336.80999755859375,1452300,CHTR
2017-11-15,337.3299865722656,337.6600036621094,330.5,334.2200012207031,334.2200012207031,1937500,CHTR
2017-11-16,333.94000244140625,340.9200134277344,328.5,340.6300048828125,340.6300048828125,1513200,CHTR
2017-11-17,341.3800048828125,349.5400085449219,338.9599914550781,341.5400085449219,341.5400085449219,1250500,CHTR
2017-11-20,341.0,348.3800048828125,337.9599914550781,338.3699951171875,338.3699951171875,2286900,CHTR
2017-11-21,339.239990234375,344.8500061035156,337.6400146484375,338.4200134277344,338.4200134277344,1952100,CHTR
2017-11-22,337.8399963378906,339.489990234375,332.44000244140625,334.2699890136719,334.2699890136719,961000,CHTR
2017-11-24,333.6400146484375,335.44000244140625,326.20001220703125,328.9800109863281,328.9800109863281,769000,CHTR
2017-11-27,327.69000244140625,327.69000244140625,319.5,321.8399963378906,321.8399963378906,2092300,CHTR
2017-11-28,321.95001220703125,327.9700012207031,317.92999267578125,325.8900146484375,325.8900146484375,2749200,CHTR
2017-11-29,326.6000061035156,332.0199890136719,324.19000244140625,331.6700134277344,331.6700134277344,2320800,CHTR
2017-11-30,328.3500061035156,330.9100036621094,321.0,326.2099914550781,326.2099914550781,4063700,CHTR
2017-12-01,321.94000244140625,340.54998779296875,321.94000244140625,336.2699890136719,336.2699890136719,2168100,CHTR
2017-12-04,330.20001220703125,347.4800109863281,329.19000244140625,334.0,334.0,2629000,CHTR
2017-12-05,333.2699890136719,338.9200134277344,330.4599914550781,330.95001220703125,330.95001220703125,1529700,CHTR
2017-12-06,330.9599914550781,334.6700134277344,321.3500061035156,322.6400146484375,322.6400146484375,1536700,CHTR
2017-12-07,322.0,330.44000244140625,320.6499938964844,325.2200012207031,325.2200012207031,2064100,CHTR
2017-12-08,327.82000732421875,329.4599914550781,320.70001220703125,324.5,324.5,2025000,CHTR
2017-12-11,326.7900085449219,332.989990234375,323.8399963378906,331.489990234375,331.489990234375,2022200,CHTR
2017-12-12,332.07000732421875,332.989990234375,326.6000061035156,329.989990234375,329.989990234375,1966100,CHTR
2017-12-13,331.3500061035156,334.1499938964844,323.7699890136719,329.0,329.0,2059100,CHTR
2017-12-14,328.55999755859375,330.9200134277344,323.3900146484375,328.67999267578125,328.67999267578125,1603700,CHTR
2017-12-15,331.9800109863281,331.9800109863281,321.30999755859375,322.30999755859375,322.30999755859375,3538000,CHTR
2017-12-18,324.4700012207031,326.989990234375,321.54998779296875,323.2300109863281,323.2300109863281,1985500,CHTR
2017-12-19,322.6499938964844,324.3399963378906,316.42999267578125,316.9700012207031,316.9700012207031,1726300,CHTR
2017-12-20,317.05999755859375,317.2799987792969,312.5299987792969,316.3800048828125,316.3800048828125,1949700,CHTR
2017-12-21,317.8599853515625,336.8299865722656,316.7799987792969,332.94000244140625,332.94000244140625,1866400,CHTR
2017-12-22,331.489990234375,341.1099853515625,331.489990234375,338.20001220703125,338.20001220703125,1459800,CHTR
2017-12-26,336.8399963378906,340.5,336.1000061035156,340.3999938964844,340.3999938964844,1123700,CHTR
2017-12-27,341.3999938964844,341.5,332.30999755859375,333.25,333.25,2044700,CHTR
2017-12-28,334.45001220703125,339.7799987792969,333.0,338.0299987792969,338.0299987792969,764600,CHTR
2017-12-29,335.1400146484375,342.0199890136719,333.82000732421875,335.9599914550781,335.9599914550781,846700,CHTR
2018-01-02,338.42999267578125,352.82000732421875,337.7699890136719,348.9700012207031,348.9700012207031,2789200,CHTR
2018-01-03,354.05999755859375,364.3800048828125,349.5899963378906,353.0299987792969,353.0299987792969,2500800,CHTR
2018-01-04,356.75,358.0,346.9700012207031,349.7900085449219,349.7900085449219,1176400,CHTR
2018-01-05,352.0199890136719,354.3999938964844,349.0799865722656,350.8800048828125,350.8800048828125,1960500,CHTR
2018-01-08,354.4700012207031,360.19000244140625,351.6300048828125,356.54998779296875,356.54998779296875,1485700,CHTR
2018-01-09,356.6600036621094,358.7699890136719,354.1499938964844,354.760009765625,354.760009765625,938900,CHTR
2018-01-10,354.0199890136719,356.4599914550781,347.5299987792969,350.8299865722656,350.8299865722656,1092400,CHTR
2018-01-11,350.2799987792969,356.19000244140625,348.32000732421875,355.2699890136719,355.2699890136719,1191100,CHTR
2018-01-12,357.3900146484375,359.55999755859375,353.0799865722656,354.0,354.0,644600,CHTR
2018-01-16,352.17999267578125,356.5400085449219,349.8699951171875,352.92999267578125,352.92999267578125,1112500,CHTR
2018-01-17,358.5899963378906,359.989990234375,352.07000732421875,357.8399963378906,357.8399963378906,1119500,CHTR
2018-01-18,356.489990234375,365.25,356.489990234375,365.25,365.25,1534600,CHTR
2018-01-19,366.7300109863281,370.0,362.79998779296875,366.04998779296875,366.04998779296875,1453400,CHTR
2018-01-22,366.3699951171875,371.0,366.0,370.25,370.25,1822000,CHTR
2018-01-23,367.80999755859375,372.0,366.1600036621094,369.25,369.25,1043100,CHTR
2018-01-24,370.45001220703125,377.05999755859375,367.2699890136719,376.17999267578125,376.17999267578125,1758300,CHTR
2018-01-25,376.2300109863281,378.3800048828125,371.70001220703125,375.1400146484375,375.1400146484375,981800,CHTR
2018-01-26,375.8299865722656,378.1400146484375,374.30999755859375,377.0,377.0,1228500,CHTR
2018-01-29,375.239990234375,376.6199951171875,370.7099914550781,374.5,374.5,925600,CHTR
2018-01-30,376.3699951171875,377.9800109863281,371.8399963378906,376.57000732421875,376.57000732421875,1241600,CHTR
2018-01-31,374.80999755859375,379.3299865722656,373.2099914550781,377.25,377.25,2152800,CHTR
2018-02-01,376.1099853515625,380.260009765625,371.1400146484375,371.17999267578125,371.17999267578125,1928200,CHTR
2018-02-02,380.0,396.6400146484375,375.5,387.5,387.5,4374900,CHTR
2018-02-05,391.6000061035156,395.0,371.4700012207031,372.57000732421875,372.57000732421875,2872600,CHTR
2018-02-06,366.0799865722656,370.9599914550781,360.1199951171875,369.75,369.75,4492100,CHTR
2018-02-07,367.1099853515625,370.5199890136719,360.05999755859375,363.54998779296875,363.54998779296875,1555000,CHTR
2018-02-08,362.1000061035156,363.0400085449219,346.1300048828125,348.6499938964844,348.6499938964844,1769900,CHTR
2018-02-09,351.4100036621094,355.55999755859375,343.1499938964844,349.42999267578125,349.42999267578125,1908200,CHTR
2018-02-12,350.260009765625,360.3800048828125,350.0,357.8800048828125,357.8800048828125,855100,CHTR
2018-02-13,354.4599914550781,357.489990234375,353.4100036621094,355.67999267578125,355.67999267578125,772400,CHTR
2018-02-14,354.05999755859375,359.2900085449219,352.010009765625,358.94000244140625,358.94000244140625,915500,CHTR
2018-02-15,359.2900085449219,365.9200134277344,355.6300048828125,363.6700134277344,363.6700134277344,1096700,CHTR
2018-02-16,364.0299987792969,370.0899963378906,361.489990234375,365.6600036621094,365.6600036621094,752000,CHTR
2018-02-20,364.9800109863281,365.2300109863281,358.6700134277344,358.7699890136719,358.7699890136719,802900,CHTR
2018-02-21,359.3399963378906,367.3800048828125,356.510009765625,360.9700012207031,360.9700012207031,878300,CHTR
2018-02-22,361.0199890136719,365.260009765625,355.0199890136719,356.75,356.75,601100,CHTR
2018-02-23,359.7300109863281,368.0899963378906,356.2699890136719,365.05999755859375,365.05999755859375,613500,CHTR
2018-02-26,365.32000732421875,368.3699951171875,357.2900085449219,358.0199890136719,358.0199890136719,770200,CHTR
2018-02-27,357.760009765625,359.75,351.1199951171875,351.2200012207031,351.2200012207031,946400,CHTR
2018-02-28,352.94000244140625,353.0400085449219,341.7099914550781,341.92999267578125,341.92999267578125,1065700,CHTR
2018-03-01,342.7200012207031,349.6499938964844,337.6099853515625,339.4100036621094,339.4100036621094,1363500,CHTR
2018-03-02,336.8599853515625,339.7300109863281,331.80999755859375,332.75,332.75,1986300,CHTR
2018-03-05,330.510009765625,349.5299987792969,328.92999267578125,346.6000061035156,346.6000061035156,2740400,CHTR
2018-03-06,349.1700134277344,349.2300109863281,336.2900085449219,337.9599914550781,337.9599914550781,1188300,CHTR
2018-03-07,337.5,339.7300109863281,334.1600036621094,338.6700134277344,338.6700134277344,1058900,CHTR
2018-03-08,339.510009765625,343.489990234375,338.0400085449219,341.19000244140625,341.19000244140625,1058300,CHTR
2018-03-09,342.04998779296875,349.3900146484375,340.260009765625,347.5899963378906,347.5899963378906,940200,CHTR
2018-03-12,349.55999755859375,369.510009765625,349.55999755859375,359.2200012207031,359.2200012207031,2001300,CHTR
2018-03-13,361.04998779296875,362.8399963378906,348.19000244140625,350.010009765625,350.010009765625,823300,CHTR
2018-03-14,351.3500061035156,352.1700134277344,339.79998779296875,340.9599914550781,340.9599914550781,1298800,CHTR
2018-03-15,340.1400146484375,343.69000244140625,337.1400146484375,339.54998779296875,339.54998779296875,834100,CHTR
2018-03-16,341.2300109863281,344.760009765625,339.8500061035156,342.1700134277344,342.1700134277344,2883000,CHTR
2018-03-19,340.69000244140625,340.69000244140625,331.489990234375,332.989990234375,332.989990234375,1370100,CHTR
2018-03-20,332.8699951171875,333.8500061035156,327.3999938964844,327.6099853515625,327.6099853515625,1087900,CHTR
2018-03-21,326.8999938964844,329.9700012207031,324.79998779296875,325.4700012207031,325.4700012207031,907300,CHTR
2018-03-22,322.6499938964844,323.3500061035156,319.3599853515625,322.9700012207031,322.9700012207031,2769200,CHTR
2018-03-23,322.6600036621094,323.739990234375,311.7799987792969,312.3900146484375,312.3900146484375,1195400,CHTR
2018-03-26,316.45001220703125,316.8999938964844,307.2300109863281,312.17999267578125,312.17999267578125,1747500,CHTR
2018-03-27,315.5,316.0,307.7099914550781,310.2200012207031,310.2200012207031,1494200,CHTR
2018-03-28,311.1700134277344,312.8399963378906,306.05999755859375,306.260009765625,306.260009765625,1305600,CHTR
2018-03-29,306.6300048828125,314.6600036621094,303.7799987792969,311.2200012207031,311.2200012207031,1521600,CHTR
2018-04-02,308.9100036621094,310.6000061035156,298.6700134277344,303.8699951171875,303.8699951171875,1753000,CHTR
2018-04-03,305.510009765625,312.3699951171875,303.7900085449219,306.3699951171875,306.3699951171875,1706800,CHTR
2018-04-04,304.3800048828125,312.4700012207031,302.04998779296875,311.69000244140625,311.69000244140625,1857100,CHTR
2018-04-05,312.5,317.6400146484375,311.94000244140625,317.0199890136719,317.0199890136719,875500,CHTR
2018-04-06,314.8800048828125,316.0799865722656,308.4700012207031,310.6700134277344,310.6700134277344,1235000,CHTR
2018-04-09,311.8800048828125,319.739990234375,310.6700134277344,316.510009765625,316.510009765625,1144000,CHTR
2018-04-10,319.5899963378906,319.5899963378906,307.8399963378906,308.239990234375,308.239990234375,1574200,CHTR
2018-04-11,305.3900146484375,307.20001220703125,302.4800109863281,303.3299865722656,303.3299865722656,1645400,CHTR
2018-04-12,304.29998779296875,308.0,299.2300109863281,306.3399963378906,306.3399963378906,1669200,CHTR
2018-04-13,307.3500061035156,308.80999755859375,304.05999755859375,305.9100036621094,305.9100036621094,964100,CHTR
2018-04-16,308.8399963378906,315.3999938964844,304.3500061035156,312.8399963378906,312.8399963378906,1333600,CHTR
2018-04-17,315.2699890136719,317.6000061035156,309.3500061035156,310.4800109863281,310.4800109863281,1306800,CHTR
2018-04-18,311.1499938964844,319.3800048828125,311.1499938964844,317.4599914550781,317.4599914550781,1026600,CHTR
2018-04-19,316.3500061035156,322.8900146484375,314.010009765625,315.54998779296875,315.54998779296875,1113500,CHTR
2018-04-20,314.80999755859375,318.70001220703125,310.1700134277344,310.94000244140625,310.94000244140625,915800,CHTR
2018-04-23,312.0,315.0400085449219,309.1600036621094,309.9700012207031,309.9700012207031,819500,CHTR
2018-04-24,312.5299987792969,313.760009765625,299.7200012207031,301.2799987792969,301.2799987792969,1053900,CHTR
2018-04-25,300.0,301.6000061035156,295.3399963378906,300.3500061035156,300.3500061035156,2091800,CHTR
2018-04-26,301.8399963378906,305.3800048828125,296.17999267578125,298.1499938964844,298.1499938964844,1512300,CHTR
2018-04-27,275.1400146484375,279.05999755859375,250.10000610351562,263.3299865722656,263.3299865722656,15522400,CHTR
2018-04-30,264.0899963378906,273.45001220703125,264.0899963378906,271.2900085449219,271.2900085449219,6432700,CHTR
2018-05-01,270.5799865722656,281.3299865722656,267.3299865722656,279.3999938964844,279.3999938964844,3597700,CHTR
2018-05-02,278.0,279.1000061035156,272.010009765625,274.7799987792969,274.7799987792969,2141800,CHTR
2018-05-03,273.6400146484375,273.82000732421875,264.75,271.3599853515625,271.3599853515625,2199000,CHTR
2018-05-04,269.1000061035156,279.17999267578125,267.5799865722656,276.07000732421875,276.07000732421875,1241700,CHTR
2018-05-07,276.239990234375,280.1600036621094,273.9200134277344,278.1000061035156,278.1000061035156,1146800,CHTR
2018-05-08,277.0,277.8699951171875,269.1099853515625,271.010009765625,271.010009765625,1636800,CHTR
2018-05-09,272.4599914550781,273.19000244140625,269.92999267578125,270.1300048828125,270.1300048828125,1560900,CHTR
2018-05-10,271.25,275.6400146484375,269.9700012207031,272.8299865722656,272.8299865722656,1984000,CHTR
2018-05-11,273.510009765625,274.55999755859375,269.29998779296875,272.80999755859375,272.80999755859375,1825700,CHTR
2018-05-14,272.3999938964844,277.8900146484375,270.3699951171875,272.8399963378906,272.8399963378906,1808900,CHTR
2018-05-15,272.3299865722656,274.3299865722656,266.8599853515625,270.30999755859375,270.30999755859375,1775000,CHTR
2018-05-16,270.79998779296875,274.2900085449219,266.739990234375,272.3299865722656,272.3299865722656,1861500,CHTR
2018-05-17,271.9700012207031,273.1600036621094,267.8299865722656,268.1700134277344,268.1700134277344,1301700,CHTR
2018-05-18,267.69000244140625,270.5899963378906,266.7300109863281,270.1700134277344,270.1700134277344,1643000,CHTR
2018-05-21,270.0,270.0,265.239990234375,266.54998779296875,266.54998779296875,2065600,CHTR
2018-05-22,267.6199951171875,268.80999755859375,267.0199890136719,267.6600036621094,267.6600036621094,1316000,CHTR
2018-05-23,265.4700012207031,275.04998779296875,265.2200012207031,274.0899963378906,274.0899963378906,1419000,CHTR
2018-05-24,274.0899963378906,274.0899963378906,267.95001220703125,268.42999267578125,268.42999267578125,1291600,CHTR
2018-05-25,268.5199890136719,271.4200134277344,267.8999938964844,270.20001220703125,270.20001220703125,769500,CHTR
2018-05-29,268.0,271.0299987792969,264.8299865722656,266.3599853515625,266.3599853515625,1181600,CHTR
2018-05-30,267.1400146484375,268.739990234375,262.1600036621094,266.94000244140625,266.94000244140625,1352300,CHTR
2018-05-31,264.7300109863281,267.05999755859375,259.4800109863281,261.0400085449219,261.0400085449219,3132300,CHTR
2018-06-01,261.70001220703125,266.45001220703125,260.0,261.8699951171875,261.8699951171875,1691400,CHTR
2018-06-04,262.1000061035156,268.8900146484375,260.3900146484375,267.9800109863281,267.9800109863281,1471800,CHTR
2018-06-05,267.6600036621094,270.7200012207031,265.1600036621094,265.95001220703125,265.95001220703125,1178900,CHTR
2018-06-06,266.1199951171875,278.20001220703125,266.0,275.0899963378906,275.0899963378906,1645100,CHTR
2018-06-07,274.3500061035156,279.5400085449219,270.8699951171875,278.19000244140625,278.19000244140625,1840900,CHTR
2018-06-08,277.3999938964844,279.4599914550781,274.1499938964844,277.260009765625,277.260009765625,2903000,CHTR
2018-06-11,276.57000732421875,284.1000061035156,275.9800109863281,283.05999755859375,283.05999755859375,2031700,CHTR
2018-06-12,283.1000061035156,293.5,283.1000061035156,290.9800109863281,290.9800109863281,3617000,CHTR
2018-06-13,295.0,295.5799865722656,283.2200012207031,285.0199890136719,285.0199890136719,2581700,CHTR
2018-06-14,285.04998779296875,297.25,283.67999267578125,295.6099853515625,295.6099853515625,2379400,CHTR
2018-06-15,295.6300048828125,298.7200012207031,292.3800048828125,297.20001220703125,297.20001220703125,2414200,CHTR
2018-06-18,290.7900085449219,297.0899963378906,290.7900085449219,295.25,295.25,2390700,CHTR
2018-06-19,289.19000244140625,295.0,286.30999755859375,292.989990234375,292.989990234375,1344900,CHTR
2018-06-20,296.760009765625,298.510009765625,288.54998779296875,290.3399963378906,290.3399963378906,1560700,CHTR
2018-06-21,295.8500061035156,296.7300109863281,291.010009765625,291.8599853515625,291.8599853515625,844900,CHTR
2018-06-22,292.3900146484375,302.42999267578125,292.3900146484375,299.29998779296875,299.29998779296875,1462700,CHTR
2018-06-25,296.70001220703125,301.239990234375,293.8500061035156,295.5299987792969,295.5299987792969,1663400,CHTR
2018-06-26,295.70001220703125,300.17999267578125,292.3299865722656,299.29998779296875,299.29998779296875,1028100,CHTR
2018-06-27,299.6199951171875,301.0,295.7300109863281,296.0400085449219,296.0400085449219,956900,CHTR
2018-06-28,297.1700134277344,298.79998779296875,292.3399963378906,295.04998779296875,295.04998779296875,991700,CHTR
2018-06-29,290.3399963378906,299.07000732421875,286.8299865722656,293.2099914550781,293.2099914550781,1398100,CHTR
2018-07-02,292.1300048828125,294.94000244140625,290.260009765625,293.9100036621094,293.9100036621094,909600,CHTR
2018-07-03,296.19000244140625,300.0799865722656,294.3999938964844,299.510009765625,299.510009765625,664300,CHTR
2018-07-05,300.1499938964844,302.0400085449219,293.44000244140625,296.17999267578125,296.17999267578125,1085000,CHTR
2018-07-06,297.42999267578125,305.1499938964844,296.7900085449219,304.42999267578125,304.42999267578125,1119300,CHTR
2018-07-09,305.8299865722656,310.57000732421875,304.6499938964844,308.2200012207031,308.2200012207031,900100,CHTR
2018-07-10,309.4100036621094,309.4100036621094,302.6700134277344,305.7099914550781,305.7099914550781,1102400,CHTR
2018-07-11,303.54998779296875,307.7099914550781,300.760009765625,301.3699951171875,301.3699951171875,819600,CHTR
2018-07-12,301.6099853515625,306.3399963378906,299.1199951171875,305.0199890136719,305.0199890136719,797800,CHTR
2018-07-13,305.0899963378906,305.9599914550781,302.29998779296875,304.8399963378906,304.8399963378906,669800,CHTR
2018-07-16,305.6499938964844,307.05999755859375,301.8599853515625,304.19000244140625,304.19000244140625,710100,CHTR
2018-07-17,301.260009765625,304.7699890136719,300.3999938964844,302.0299987792969,302.0299987792969,616400,CHTR
2018-07-18,301.3699951171875,303.1700134277344,298.2099914550781,299.6000061035156,299.6000061035156,2007700,CHTR
2018-07-19,299.9800109863281,299.9800109863281,290.9100036621094,291.1400146484375,291.1400146484375,1436800,CHTR
2018-07-20,291.4599914550781,291.55999755859375,286.82000732421875,288.8399963378906,288.8399963378906,1093600,CHTR
2018-07-23,288.8299865722656,288.8299865722656,285.0899963378906,287.82000732421875,287.82000732421875,967900,CHTR
2018-07-24,288.010009765625,288.8800048828125,281.989990234375,282.32000732421875,282.32000732421875,1207800,CHTR
2018-07-25,281.6099853515625,283.1400146484375,271.55999755859375,274.6499938964844,274.6499938964844,1760300,CHTR
2018-07-26,280.05999755859375,288.989990234375,276.5899963378906,286.9100036621094,286.9100036621094,1962100,CHTR
2018-07-27,286.3900146484375,291.010009765625,280.5899963378906,286.2900085449219,286.2900085449219,1350600,CHTR
2018-07-30,284.6099853515625,294.2799987792969,283.510009765625,293.8999938964844,293.8999938964844,1083800,CHTR
2018-07-31,307.1300048828125,314.8800048828125,302.20001220703125,304.5799865722656,304.5799865722656,2533600,CHTR
2018-08-01,304.989990234375,305.2900085449219,300.3900146484375,301.42999267578125,301.42999267578125,1042200,CHTR
2018-08-02,297.4200134277344,299.6400146484375,293.9700012207031,294.20001220703125,294.20001220703125,1064200,CHTR
2018-08-03,293.94000244140625,305.0,293.739990234375,303.6600036621094,303.6600036621094,1198800,CHTR
2018-08-06,303.9100036621094,304.79998779296875,299.8399963378906,300.0,300.0,856400,CHTR
2018-08-07,294.0,299.8599853515625,293.57000732421875,297.0299987792969,297.0299987792969,2290700,CHTR
2018-08-08,297.8599853515625,298.92999267578125,296.239990234375,298.20001220703125,298.20001220703125,1101800,CHTR
2018-08-09,299.32000732421875,307.5299987792969,298.9700012207031,305.1700134277344,305.1700134277344,1452800,CHTR
2018-08-10,302.8599853515625,304.95001220703125,302.05999755859375,302.45001220703125,302.45001220703125,1749700,CHTR
2018-08-13,303.5400085449219,304.6300048828125,299.7200012207031,302.05999755859375,302.05999755859375,1326600,CHTR
2018-08-14,303.6700134277344,308.69000244140625,301.239990234375,307.8599853515625,307.8599853515625,1694800,CHTR
2018-08-15,305.44000244140625,305.92999267578125,294.7799987792969,295.75,295.75,2386100,CHTR
2018-08-16,296.6600036621094,303.95001220703125,296.5400085449219,302.0,302.0,1408000,CHTR
2018-08-17,302.32000732421875,303.7300109863281,298.92999267578125,299.6400146484375,299.6400146484375,1094500,CHTR
2018-08-20,300.6300048828125,300.7900085449219,294.8399963378906,295.0,295.0,1695500,CHTR
2018-08-21,295.0,307.67999267578125,295.0,305.0799865722656,305.0799865722656,2454400,CHTR
2018-08-22,302.2699890136719,306.1300048828125,297.5799865722656,300.2799987792969,300.2799987792969,1802300,CHTR
2018-08-23,299.1400146484375,299.1600036621094,292.7099914550781,293.3900146484375,293.3900146484375,2009000,CHTR
2018-08-24,294.0299987792969,301.8399963378906,292.92999267578125,300.6700134277344,300.6700134277344,1172500,CHTR
2018-08-27,302.54998779296875,305.8699951171875,300.7300109863281,304.3399963378906,304.3399963378906,1212200,CHTR
2018-08-28,305.489990234375,310.0400085449219,303.8500061035156,305.0299987792969,305.0299987792969,1265000,CHTR
2018-08-29,305.4599914550781,310.2900085449219,303.8699951171875,309.1499938964844,309.1499938964844,1081900,CHTR
2018-08-30,308.25,309.42999267578125,306.2099914550781,309.05999755859375,309.05999755859375,1312300,CHTR
2018-08-31,309.17999267578125,313.1099853515625,307.5,310.3999938964844,310.3999938964844,1256100,CHTR
2018-09-04,309.82000732421875,316.6700134277344,306.8699951171875,312.989990234375,312.989990234375,1980700,CHTR
2018-09-05,312.3299865722656,314.6400146484375,305.92999267578125,306.80999755859375,306.80999755859375,1466000,CHTR
2018-09-06,306.1499938964844,310.5799865722656,303.45001220703125,305.19000244140625,305.19000244140625,888100,CHTR
2018-09-07,303.3599853515625,308.510009765625,303.0899963378906,305.19000244140625,305.19000244140625,1557400,CHTR
2018-09-10,307.5,310.5199890136719,306.3800048828125,310.2699890136719,310.2699890136719,1257600,CHTR
2018-09-11,310.8299865722656,314.70001220703125,309.5400085449219,312.8399963378906,312.8399963378906,1346200,CHTR
2018-09-12,311.4599914550781,313.04998779296875,304.7699890136719,312.5,312.5,2646800,CHTR
2018-09-13,315.3399963378906,324.8900146484375,314.79998779296875,319.2099914550781,319.2099914550781,1566200,CHTR
2018-09-14,320.0,320.25,316.1099853515625,318.1300048828125,318.1300048828125,705400,CHTR
2018-09-17,318.989990234375,321.44000244140625,316.29998779296875,319.4700012207031,319.4700012207031,1232100,CHTR
2018-09-18,319.6099853515625,330.4599914550781,319.1700134277344,328.7900085449219,328.7900085449219,1950000,CHTR
2018-09-19,328.5899963378906,331.9700012207031,328.5899963378906,329.7900085449219,329.7900085449219,1809700,CHTR
2018-09-20,331.8500061035156,332.7099914550781,329.3800048828125,329.989990234375,329.989990234375,1054900,CHTR
2018-09-21,331.1600036621094,334.9800109863281,329.489990234375,332.5899963378906,332.5899963378906,3811900,CHTR
2018-09-24,330.8399963378906,332.42999267578125,325.8800048828125,327.0400085449219,327.0400085449219,1616400,CHTR
2018-09-25,326.3800048828125,327.8699951171875,323.0,323.3699951171875,323.3699951171875,1613700,CHTR
2018-09-26,324.260009765625,326.9800109863281,320.8500061035156,321.6700134277344,321.6700134277344,1234800,CHTR
2018-09-27,321.70001220703125,328.7799987792969,320.3800048828125,325.07000732421875,325.07000732421875,780200,CHTR
2018-09-28,324.0899963378906,327.260009765625,321.3900146484375,325.8800048828125,325.8800048828125,1037000,CHTR
2018-10-01,327.6600036621094,327.989990234375,319.45001220703125,321.5899963378906,321.5899963378906,1506600,CHTR
2018-10-02,321.0,326.9599914550781,319.5899963378906,326.8900146484375,326.8900146484375,1277300,CHTR
2018-10-03,328.5299987792969,329.1400146484375,323.05999755859375,325.2900085449219,325.2900085449219,1716200,CHTR
2018-10-04,324.0899963378906,326.32000732421875,321.1099853515625,324.67999267578125,324.67999267578125,1714300,CHTR
2018-10-05,325.94000244140625,326.1600036621094,313.32000732421875,316.0400085449219,316.0400085449219,1585800,CHTR
2018-10-08,314.7799987792969,321.19000244140625,314.6099853515625,320.239990234375,320.239990234375,1231300,CHTR
2018-10-09,320.70001220703125,325.8900146484375,317.1000061035156,322.6400146484375,322.6400146484375,760500,CHTR
2018-10-10,322.54998779296875,324.3800048828125,309.32000732421875,310.1300048828125,310.1300048828125,1416300,CHTR
2018-10-11,310.239990234375,311.8900146484375,298.6600036621094,301.9200134277344,301.9200134277344,1955400,CHTR
2018-10-12,305.3399963378906,310.3800048828125,303.3999938964844,308.739990234375,308.739990234375,1664500,CHTR
2018-10-15,309.67999267578125,317.510009765625,308.5899963378906,313.8900146484375,313.8900146484375,1351500,CHTR
2018-10-16,316.07000732421875,322.8399963378906,314.2699890136719,321.0400085449219,321.0400085449219,1191600,CHTR
2018-10-17,320.9599914550781,321.510009765625,315.0,319.8299865722656,319.8299865722656,1115400,CHTR
2018-10-18,320.1000061035156,320.4599914550781,314.0400085449219,318.1000061035156,318.1000061035156,1732300,CHTR
2018-10-19,319.1000061035156,324.55999755859375,316.4700012207031,321.3399963378906,321.3399963378906,1110200,CHTR
2018-10-22,322.7699890136719,325.0,318.260009765625,319.6099853515625,319.6099853515625,885000,CHTR
2018-10-23,315.6700134277344,319.79998779296875,311.989990234375,317.8900146484375,317.8900146484375,1070600,CHTR
2018-10-24,318.1199951171875,321.69000244140625,305.17999267578125,306.04998779296875,306.04998779296875,1331900,CHTR
2018-10-25,312.2300109863281,318.25,305.42999267578125,314.80999755859375,314.80999755859375,1820400,CHTR
2018-10-26,297.0,302.54998779296875,284.3500061035156,295.010009765625,295.010009765625,4569700,CHTR
2018-10-29,299.1300048828125,310.3800048828125,296.04998779296875,300.8500061035156,300.8500061035156,1933300,CHTR
2018-10-30,302.3599853515625,316.94000244140625,301.8500061035156,316.2200012207031,316.2200012207031,1524500,CHTR
2018-10-31,318.3599853515625,325.8699951171875,317.239990234375,320.3699951171875,320.3699951171875,1973500,CHTR
2018-11-01,319.7799987792969,330.45001220703125,317.0,324.5799865722656,324.5799865722656,1440900,CHTR
2018-11-02,325.92999267578125,329.57000732421875,309.5199890136719,317.8699951171875,317.8699951171875,1374900,CHTR
2018-11-05,319.4800109863281,325.9700012207031,318.3399963378906,323.3500061035156,323.3500061035156,787100,CHTR
2018-11-06,325.2900085449219,326.9800109863281,317.80999755859375,320.6700134277344,320.6700134277344,835700,CHTR
2018-11-07,324.55999755859375,329.8699951171875,322.57000732421875,328.3599853515625,328.3599853515625,886500,CHTR
2018-11-08,326.19000244140625,329.9100036621094,322.32000732421875,324.6499938964844,324.6499938964844,1075300,CHTR
2018-11-09,322.989990234375,327.67999267578125,316.6300048828125,321.1099853515625,321.1099853515625,756800,CHTR
2018-11-12,320.3599853515625,326.3299865722656,319.760009765625,323.3500061035156,323.3500061035156,866500,CHTR
2018-11-13,323.4800109863281,330.9700012207031,323.4800109863281,324.55999755859375,324.55999755859375,835300,CHTR
2018-11-14,326.32000732421875,329.04998779296875,320.19000244140625,320.79998779296875,320.79998779296875,948900,CHTR
2018-11-15,319.2699890136719,321.0400085449219,309.9599914550781,318.4800109863281,318.4800109863281,1178600,CHTR
2018-11-16,317.2799987792969,330.57000732421875,317.1400146484375,328.5400085449219,328.5400085449219,1225500,CHTR
2018-11-19,329.4599914550781,331.1700134277344,321.57000732421875,323.6000061035156,323.6000061035156,1488100,CHTR
2018-11-20,319.989990234375,322.1300048828125,303.6499938964844,305.010009765625,305.010009765625,2836200,CHTR
2018-11-21,305.3500061035156,311.4200134277344,304.7799987792969,305.5400085449219,305.5400085449219,1096500,CHTR
2018-11-23,302.92999267578125,311.70001220703125,302.4599914550781,309.42999267578125,309.42999267578125,671400,CHTR
2018-11-26,313.5400085449219,314.1300048828125,308.7799987792969,313.2300109863281,313.2300109863281,1240000,CHTR
2018-11-27,312.2799987792969,320.1700134277344,311.510009765625,317.6400146484375,317.6400146484375,690600,CHTR
2018-11-28,317.7699890136719,329.0899963378906,316.0,328.67999267578125,328.67999267578125,1239500,CHTR
2018-11-29,325.5400085449219,334.760009765625,325.5400085449219,330.3299865722656,330.3299865722656,1084700,CHTR
2018-11-30,331.2799987792969,333.239990234375,324.95001220703125,329.20001220703125,329.20001220703125,1784500,CHTR
2018-12-03,331.7099914550781,334.30999755859375,323.5299987792969,326.70001220703125,326.70001220703125,1159400,CHTR
2018-12-04,326.9599914550781,330.8599853515625,318.3299865722656,321.8399963378906,321.8399963378906,1391800,CHTR
2018-12-06,318.5799865722656,326.9700012207031,313.8299865722656,326.7799987792969,326.7799987792969,1311900,CHTR
2018-12-07,323.9100036621094,326.94000244140625,312.3299865722656,315.70001220703125,315.70001220703125,1164400,CHTR
2018-12-10,316.3399963378906,316.9100036621094,308.8399963378906,315.6400146484375,315.6400146484375,1002000,CHTR
2018-12-11,319.57000732421875,321.0199890136719,310.07000732421875,312.5400085449219,312.5400085449219,947400,CHTR
2018-12-12,317.70001220703125,323.67999267578125,315.8299865722656,316.7799987792969,316.7799987792969,958500,CHTR
2018-12-13,318.6400146484375,321.17999267578125,308.25,311.4800109863281,311.4800109863281,1063100,CHTR
2018-12-14,308.54998779296875,313.8999938964844,307.510009765625,309.4200134277344,309.4200134277344,959300,CHTR
2018-12-17,310.0,311.9599914550781,307.1199951171875,309.2799987792969,309.2799987792969,1829100,CHTR
2018-12-18,311.8699951171875,313.4100036621094,302.6199951171875,305.92999267578125,305.92999267578125,1911800,CHTR
2018-12-19,305.30999755859375,311.0299987792969,296.7300109863281,297.6000061035156,297.6000061035156,1937200,CHTR
2018-12-20,296.3800048828125,298.9200134277344,289.7099914550781,290.45001220703125,290.45001220703125,2488200,CHTR
2018-12-21,287.9800109863281,296.44000244140625,282.7300109863281,283.92999267578125,283.92999267578125,3593100,CHTR
2018-12-24,283.69000244140625,284.9800109863281,273.30999755859375,273.5199890136719,273.5199890136719,1009000,CHTR
2018-12-26,275.3399963378906,285.8500061035156,272.9100036621094,285.70001220703125,285.70001220703125,1359800,CHTR
2018-12-27,281.7799987792969,284.75,274.0799865722656,284.7300109863281,284.7300109863281,1242500,CHTR
2018-12-28,287.70001220703125,290.5199890136719,274.7099914550781,285.0799865722656,285.0799865722656,1035400,CHTR
2018-12-31,286.7300109863281,287.94000244140625,280.75,284.9700012207031,284.9700012207031,1075300,CHTR
2019-01-02,279.8900146484375,289.5199890136719,279.1099853515625,287.989990234375,287.989990234375,1296300,CHTR
2019-01-03,284.6199951171875,294.0,284.6199951171875,287.5,287.5,1176300,CHTR
2019-01-04,291.1099853515625,305.1199951171875,288.6199951171875,302.739990234375,302.739990234375,2336600,CHTR
2019-01-07,301.1300048828125,304.1099853515625,299.260009765625,301.4700012207031,301.4700012207031,1308400,CHTR
2019-01-08,300.3999938964844,305.7200012207031,300.1199951171875,300.7099914550781,300.7099914550781,1051100,CHTR
2019-01-09,301.92999267578125,301.94000244140625,295.5,297.6400146484375,297.6400146484375,1241400,CHTR
2019-01-10,295.4700012207031,297.1000061035156,291.010009765625,292.6700134277344,292.6700134277344,1701100,CHTR
2019-01-11,291.0199890136719,295.0299987792969,290.8299865722656,294.5400085449219,294.5400085449219,906800,CHTR
2019-01-14,292.989990234375,298.20001220703125,290.760009765625,291.55999755859375,291.55999755859375,1219500,CHTR
2019-01-15,291.6700134277344,294.1199951171875,290.5,294.0,294.0,1152400,CHTR
2019-01-16,293.19000244140625,295.8299865722656,290.94000244140625,293.80999755859375,293.80999755859375,1005300,CHTR
2019-01-17,292.32000732421875,295.6000061035156,290.760009765625,294.4100036621094,294.4100036621094,841400,CHTR
2019-01-18,297.239990234375,297.239990234375,289.57000732421875,291.3999938964844,291.3999938964844,1617600,CHTR
2019-01-22,288.6600036621094,290.9200134277344,283.0199890136719,284.9700012207031,284.9700012207031,2404100,CHTR
2019-01-23,287.3599853515625,291.3500061035156,279.3299865722656,284.5299987792969,284.5299987792969,1593500,CHTR
2019-01-24,281.07000732421875,288.0,281.07000732421875,287.5799865722656,287.5799865722656,1439400,CHTR
2019-01-25,290.0,291.6099853515625,286.79998779296875,291.4100036621094,291.4100036621094,1323200,CHTR
2019-01-28,289.3800048828125,291.7300109863281,287.30999755859375,290.8599853515625,290.8599853515625,1136600,CHTR
2019-01-29,290.70001220703125,292.9700012207031,287.5799865722656,289.7799987792969,289.7799987792969,782200,CHTR
2019-01-30,289.57000732421875,293.1000061035156,288.0,289.9100036621094,289.9100036621094,1725800,CHTR
2019-01-31,320.010009765625,338.30999755859375,319.29998779296875,331.04998779296875,331.04998779296875,5176000,CHTR
2019-02-01,331.8699951171875,343.1400146484375,330.9200134277344,340.95001220703125,340.95001220703125,1998500,CHTR
2019-02-04,338.6499938964844,343.8999938964844,336.3900146484375,337.0,337.0,1224800,CHTR
2019-02-05,337.7099914550781,341.0,332.7699890136719,340.70001220703125,340.70001220703125,1498500,CHTR
2019-02-06,340.0,343.7900085449219,338.9100036621094,343.510009765625,343.510009765625,1217000,CHTR
2019-02-07,340.17999267578125,344.6499938964844,337.7200012207031,344.510009765625,344.510009765625,1190900,CHTR
2019-02-08,341.3599853515625,344.6400146484375,338.8699951171875,344.1600036621094,344.1600036621094,809300,CHTR
2019-02-11,343.32000732421875,344.7200012207031,335.7099914550781,337.82000732421875,337.82000732421875,1251600,CHTR
2019-02-12,341.0400085449219,342.0,339.1099853515625,340.3999938964844,340.3999938964844,977800,CHTR
2019-02-13,340.6000061035156,343.32000732421875,336.3800048828125,338.489990234375,338.489990234375,1124200,CHTR
2019-02-14,336.3599853515625,343.2699890136719,335.2200012207031,341.6000061035156,341.6000061035156,863300,CHTR
2019-02-15,344.69000244140625,349.7699890136719,341.9200134277344,349.05999755859375,349.05999755859375,1132000,CHTR
2019-02-19,347.6700134277344,350.7799987792969,347.010009765625,348.42999267578125,348.42999267578125,1231300,CHTR
2019-02-20,349.29998779296875,351.3900146484375,347.8599853515625,349.760009765625,349.760009765625,2112300,CHTR
2019-02-21,348.2799987792969,350.2799987792969,343.8500061035156,349.5400085449219,349.5400085449219,933700,CHTR
2019-02-22,350.9200134277344,353.5,348.760009765625,350.0799865722656,350.0799865722656,1261600,CHTR
2019-02-25,352.3399963378906,353.75,347.8800048828125,348.8999938964844,348.8999938964844,1094400,CHTR
2019-02-26,348.8299865722656,348.8299865722656,345.55999755859375,346.32000732421875,346.32000732421875,1118100,CHTR
2019-02-27,344.5899963378906,345.8500061035156,342.9100036621094,345.0299987792969,345.0299987792969,1354700,CHTR
2019-02-28,345.1600036621094,347.42999267578125,344.30999755859375,344.9100036621094,344.9100036621094,1035000,CHTR
2019-03-01,347.5199890136719,347.5199890136719,344.9599914550781,346.5799865722656,346.5799865722656,1219000,CHTR
2019-03-04,348.8800048828125,349.8399963378906,343.54998779296875,346.1000061035156,346.1000061035156,1386700,CHTR
2019-03-05,345.2200012207031,346.989990234375,337.0400085449219,343.75,343.75,1000900,CHTR
2019-03-06,344.7799987792969,344.7799987792969,339.75,340.55999755859375,340.55999755859375,990100,CHTR
2019-03-07,339.80999755859375,341.6700134277344,337.010009765625,340.0299987792969,340.0299987792969,842600,CHTR
2019-03-08,337.3999938964844,339.7799987792969,335.5299987792969,337.5400085449219,337.5400085449219,701500,CHTR
2019-03-11,337.69000244140625,341.8800048828125,336.0400085449219,341.0799865722656,341.0799865722656,1401900,CHTR
2019-03-12,342.3999938964844,342.6600036621094,339.70001220703125,342.510009765625,342.510009765625,1572400,CHTR
2019-03-13,343.989990234375,350.05999755859375,342.5199890136719,348.1300048828125,348.1300048828125,1916400,CHTR
2019-03-14,348.9700012207031,354.4700012207031,346.2200012207031,352.7099914550781,352.7099914550781,1131300,CHTR
2019-03-15,352.3599853515625,356.8999938964844,350.8500061035156,355.9200134277344,355.9200134277344,2486500,CHTR
2019-03-18,356.5199890136719,359.7200012207031,355.4700012207031,357.3500061035156,357.3500061035156,1086100,CHTR
2019-03-19,359.4800109863281,363.25,357.54998779296875,360.45001220703125,360.45001220703125,1205500,CHTR
2019-03-20,360.5799865722656,365.6400146484375,358.69000244140625,362.44000244140625,362.44000244140625,1194700,CHTR
2019-03-21,361.79998779296875,368.0199890136719,360.8500061035156,366.2699890136719,366.2699890136719,1100000,CHTR
2019-03-22,365.70001220703125,366.489990234375,360.3800048828125,360.7799987792969,360.7799987792969,5241900,CHTR
2019-03-25,360.75,362.510009765625,355.7699890136719,356.8399963378906,356.8399963378906,1365600,CHTR
2019-03-26,356.79998779296875,358.7200012207031,354.5899963378906,356.0299987792969,356.0299987792969,1150200,CHTR
2019-03-27,356.3900146484375,360.260009765625,354.7699890136719,355.510009765625,355.510009765625,1372200,CHTR
2019-03-28,356.1700134277344,358.6099853515625,352.2200012207031,352.8699951171875,352.8699951171875,834200,CHTR
2019-03-29,352.1199951171875,354.6000061035156,345.6700134277344,346.9100036621094,346.9100036621094,1410800,CHTR
2019-04-01,349.80999755859375,350.6000061035156,343.70001220703125,346.2200012207031,346.2200012207031,1153100,CHTR
2019-04-02,346.75,347.510009765625,344.3599853515625,346.6300048828125,346.6300048828125,1233100,CHTR
2019-04-03,348.6600036621094,349.1000061035156,343.1499938964844,345.3699951171875,345.3699951171875,1195900,CHTR
2019-04-04,346.25,347.0,343.95001220703125,345.7200012207031,345.7200012207031,1214700,CHTR
2019-04-05,345.7900085449219,352.20001220703125,344.989990234375,351.44000244140625,351.44000244140625,1247200,CHTR
2019-04-08,350.5299987792969,355.1199951171875,350.5299987792969,354.1400146484375,354.1400146484375,830900,CHTR
2019-04-09,351.8900146484375,355.55999755859375,350.5400085449219,354.55999755859375,354.55999755859375,808800,CHTR
2019-04-10,353.4800109863281,355.4700012207031,353.0400085449219,354.3500061035156,354.3500061035156,574000,CHTR
2019-04-11,356.3500061035156,356.5899963378906,353.25,355.25,355.25,689100,CHTR
2019-04-12,355.8900146484375,356.95001220703125,354.0,356.04998779296875,356.04998779296875,734000,CHTR
2019-04-15,356.5899963378906,358.3800048828125,355.5199890136719,357.3399963378906,357.3399963378906,749600,CHTR
2019-04-16,359.010009765625,359.6700134277344,356.9700012207031,358.04998779296875,358.04998779296875,472400,CHTR
2019-04-17,360.0,362.25,358.510009765625,361.69000244140625,361.69000244140625,842100,CHTR
2019-04-18,367.20001220703125,367.20001220703125,356.7900085449219,359.3699951171875,359.3699951171875,640800,CHTR
2019-04-22,358.5400085449219,359.9100036621094,356.4599914550781,358.04998779296875,358.04998779296875,610300,CHTR
2019-04-23,356.5,361.32000732421875,355.3299865722656,358.6300048828125,358.6300048828125,762400,CHTR
2019-04-24,358.0400085449219,361.989990234375,355.2799987792969,360.5,360.5,817100,CHTR
2019-04-25,357.9100036621094,368.7799987792969,357.32000732421875,366.760009765625,366.760009765625,1190900,CHTR
2019-04-26,368.19000244140625,370.3299865722656,364.69000244140625,370.1499938964844,370.1499938964844,782400,CHTR
2019-04-29,370.0,371.6300048828125,368.5799865722656,370.9700012207031,370.9700012207031,924500,CHTR
2019-04-30,371.44000244140625,375.0,368.3699951171875,371.19000244140625,371.19000244140625,1322600,CHTR
2019-05-01,373.1300048828125,378.3599853515625,370.7200012207031,371.0400085449219,371.0400085449219,1079100,CHTR
2019-05-02,370.9700012207031,371.6300048828125,365.8999938964844,370.4100036621094,370.4100036621094,678200,CHTR
2019-05-03,372.1199951171875,377.92999267578125,369.6099853515625,377.67999267578125,377.67999267578125,917100,CHTR
2019-05-06,372.6700134277344,376.9700012207031,372.5799865722656,376.2799987792969,376.2799987792969,1059900,CHTR
2019-05-07,372.30999755859375,375.30999755859375,368.20001220703125,374.739990234375,374.739990234375,896700,CHTR
2019-05-08,374.6400146484375,375.510009765625,370.1400146484375,372.32000732421875,372.32000732421875,787700,CHTR
2019-05-09,369.4599914550781,375.32000732421875,368.3299865722656,374.3299865722656,374.3299865722656,733600,CHTR
2019-05-10,372.3699951171875,378.29998779296875,369.79998779296875,377.8900146484375,377.8900146484375,594000,CHTR
2019-05-13,372.30999755859375,375.5400085449219,367.3500061035156,368.8900146484375,368.8900146484375,1094700,CHTR
2019-05-14,369.3800048828125,376.6600036621094,368.7799987792969,373.1499938964844,373.1499938964844,846500,CHTR
2019-05-15,370.3800048828125,378.3399963378906,368.9200134277344,377.19000244140625,377.19000244140625,935200,CHTR
2019-05-16,378.19000244140625,384.0,378.19000244140625,382.19000244140625,382.19000244140625,981800,CHTR
2019-05-17,381.8299865722656,387.4100036621094,381.8299865722656,386.4100036621094,386.4100036621094,882500,CHTR
2019-05-20,378.42999267578125,380.0,375.260009765625,377.2900085449219,377.2900085449219,1140000,CHTR
2019-05-21,379.3900146484375,381.9800109863281,376.4599914550781,379.2099914550781,379.2099914550781,889400,CHTR
2019-05-22,378.2099914550781,380.510009765625,376.82000732421875,378.0799865722656,378.0799865722656,665400,CHTR
2019-05-23,375.42999267578125,377.4599914550781,374.0,375.510009765625,375.510009765625,867000,CHTR
2019-05-24,376.739990234375,379.1400146484375,374.8900146484375,375.0,375.0,597200,CHTR
2019-05-28,377.20001220703125,379.9200134277344,375.0799865722656,377.0,377.0,1748800,CHTR
2019-05-29,375.9800109863281,376.6099853515625,372.2300109863281,375.3699951171875,375.3699951171875,1326600,CHTR
2019-05-30,377.69000244140625,379.92999267578125,375.739990234375,379.2200012207031,379.2200012207031,995700,CHTR
2019-05-31,376.1600036621094,380.0,373.0400085449219,376.79998779296875,376.79998779296875,1552000,CHTR
2019-06-03,376.3399963378906,379.54998779296875,375.239990234375,377.6499938964844,377.6499938964844,1315400,CHTR
2019-06-04,380.94000244140625,392.1400146484375,378.510009765625,387.6700134277344,387.6700134277344,1748100,CHTR
2019-06-05,389.05999755859375,389.2900085449219,382.4100036621094,384.9599914550781,384.9599914550781,1573000,CHTR
2019-06-06,384.6199951171875,388.5299987792969,384.010009765625,387.30999755859375,387.30999755859375,479900,CHTR
2019-06-07,389.0,395.29998779296875,387.5799865722656,394.0400085449219,394.0400085449219,1310800,CHTR
2019-06-10,395.8900146484375,396.8900146484375,392.989990234375,395.4100036621094,395.4100036621094,890600,CHTR
2019-06-11,397.67999267578125,397.67999267578125,388.6300048828125,391.6400146484375,391.6400146484375,918500,CHTR
2019-06-12,391.42999267578125,394.5,389.94000244140625,391.1600036621094,391.1600036621094,1188000,CHTR
2019-06-13,392.9100036621094,392.9100036621094,387.8999938964844,389.7200012207031,389.7200012207031,657400,CHTR
2019-06-14,390.32000732421875,393.2099914550781,386.6600036621094,392.0799865722656,392.0799865722656,730500,CHTR
2019-06-17,393.739990234375,397.17999267578125,391.29998779296875,394.07000732421875,394.07000732421875,623100,CHTR
2019-06-18,397.5199890136719,400.0,394.6700134277344,395.2099914550781,395.2099914550781,1011800,CHTR
2019-06-19,395.6300048828125,398.1700134277344,394.3599853515625,397.75,397.75,572600,CHTR
2019-06-20,400.4800109863281,401.3800048828125,395.8800048828125,398.7699890136719,398.7699890136719,792100,CHTR
2019-06-21,400.0,400.0,390.6700134277344,394.69000244140625,394.69000244140625,1402200,CHTR
2019-06-24,396.010009765625,396.010009765625,391.010009765625,392.44000244140625,392.44000244140625,801700,CHTR
2019-06-25,391.17999267578125,392.4700012207031,385.75,390.9100036621094,390.9100036621094,1121800,CHTR
2019-06-26,391.489990234375,392.510009765625,385.239990234375,388.239990234375,388.239990234375,949700,CHTR
2019-06-27,389.75,393.6300048828125,387.1700134277344,391.4100036621094,391.4100036621094,552900,CHTR
2019-06-28,391.4599914550781,398.0,390.3800048828125,395.17999267578125,395.17999267578125,1454500,CHTR
2019-07-01,400.0,400.0,396.0199890136719,397.739990234375,397.739990234375,743000,CHTR
2019-07-02,398.8399963378906,399.80999755859375,395.29998779296875,398.69000244140625,398.69000244140625,673100,CHTR
2019-07-03,399.5799865722656,401.9700012207031,397.67999267578125,400.0,400.0,406400,CHTR
2019-07-05,397.3699951171875,402.6199951171875,397.3699951171875,401.67999267578125,401.67999267578125,648100,CHTR
2019-07-08,399.8699951171875,402.4700012207031,398.1000061035156,399.3999938964844,399.3999938964844,472000,CHTR
2019-07-09,397.9200134277344,402.6700134277344,396.69000244140625,401.2200012207031,401.2200012207031,472600,CHTR
2019-07-10,404.3399963378906,408.260009765625,402.70001220703125,407.2099914550781,407.2099914550781,1335800,CHTR
2019-07-11,408.1499938964844,411.70001220703125,406.989990234375,410.25,410.25,1193600,CHTR
2019-07-12,411.5,415.1400146484375,409.0199890136719,414.30999755859375,414.30999755859375,1229800,CHTR
2019-07-15,415.7300109863281,415.7300109863281,411.67999267578125,414.6300048828125,414.6300048828125,1142800,CHTR
2019-07-16,414.7900085449219,417.0299987792969,412.7799987792969,414.8399963378906,414.8399963378906,637900,CHTR
2019-07-17,416.5899963378906,416.95001220703125,412.54998779296875,414.55999755859375,414.55999755859375,460000,CHTR
2019-07-18,410.1199951171875,416.04998779296875,409.1400146484375,415.6199951171875,415.6199951171875,696800,CHTR
2019-07-19,417.1300048828125,417.1300048828125,409.3800048828125,409.7900085449219,409.7900085449219,820500,CHTR
2019-07-22,411.0,411.7200012207031,405.760009765625,407.8599853515625,407.8599853515625,666400,CHTR
2019-07-23,408.9700012207031,409.6000061035156,403.92999267578125,407.5299987792969,407.5299987792969,764000,CHTR
2019-07-24,407.45001220703125,410.9800109863281,404.82000732421875,409.6700134277344,409.6700134277344,634600,CHTR
2019-07-25,407.2200012207031,410.32000732421875,404.5799865722656,405.5,405.5,1233500,CHTR
2019-07-26,380.0,399.1300048828125,375.05999755859375,398.7900085449219,398.7900085449219,1608400,CHTR
2019-07-29,398.7799987792969,402.8900146484375,390.7799987792969,393.6499938964844,393.6499938964844,738000,CHTR
2019-07-30,391.6700134277344,398.6199951171875,391.2200012207031,394.55999755859375,394.55999755859375,916400,CHTR
2019-07-31,390.9800109863281,390.989990234375,382.0,385.3800048828125,385.3800048828125,2197100,CHTR
2019-08-01,385.94000244140625,392.8500061035156,383.9800109863281,384.3800048828125,384.3800048828125,1389600,CHTR
2019-08-02,383.1199951171875,385.75,379.75,384.6600036621094,384.6600036621094,1382400,CHTR
2019-08-05,380.07000732421875,382.79998779296875,376.1499938964844,379.739990234375,379.739990234375,1796300,CHTR
2019-08-06,379.7699890136719,384.7900085449219,377.4800109863281,381.989990234375,381.989990234375,1168600,CHTR
2019-08-07,376.3999938964844,377.3900146484375,371.29998779296875,375.0299987792969,375.0299987792969,2552400,CHTR
2019-08-08,378.19000244140625,382.3699951171875,370.7799987792969,380.0299987792969,380.0299987792969,2052200,CHTR
2019-08-09,380.510009765625,382.07000732421875,376.6000061035156,379.57000732421875,379.57000732421875,1207300,CHTR
2019-08-12,378.79998779296875,379.7900085449219,372.8999938964844,376.2799987792969,376.2799987792969,1412600,CHTR
2019-08-13,376.2300109863281,384.0799865722656,374.0799865722656,379.3699951171875,379.3699951171875,1745400,CHTR
2019-08-14,375.8599853515625,377.8800048828125,372.5799865722656,375.17999267578125,375.17999267578125,1442200,CHTR
2019-08-15,376.19000244140625,381.8999938964844,375.44000244140625,380.94000244140625,380.94000244140625,1320200,CHTR
2019-08-16,385.3299865722656,386.3900146484375,381.94000244140625,384.510009765625,384.510009765625,1188100,CHTR
2019-08-19,388.17999267578125,391.55999755859375,387.04998779296875,388.4200134277344,388.4200134277344,1219900,CHTR
2019-08-20,386.95001220703125,394.20001220703125,386.7699890136719,391.54998779296875,391.54998779296875,1098200,CHTR
2019-08-21,393.29998779296875,393.94000244140625,389.5199890136719,392.1300048828125,392.1300048828125,973300,CHTR
2019-08-22,392.67999267578125,393.1300048828125,387.42999267578125,391.0400085449219,391.0400085449219,891900,CHTR
2019-08-23,388.8399963378906,395.3699951171875,384.42999267578125,385.510009765625,385.510009765625,1333600,CHTR
2019-08-26,387.8500061035156,399.07000732421875,387.1300048828125,396.7799987792969,396.7799987792969,1460500,CHTR
2019-08-27,397.42999267578125,401.3999938964844,395.0400085449219,398.489990234375,398.489990234375,1014000,CHTR
2019-08-28,398.6499938964844,403.5,395.6700134277344,400.5,400.5,806400,CHTR
2019-08-29,404.6199951171875,410.0899963378906,403.07000732421875,407.239990234375,407.239990234375,892000,CHTR
2019-08-30,409.1199951171875,412.5,407.42999267578125,409.5899963378906,409.5899963378906,1140400,CHTR
2019-09-03,408.0799865722656,413.1600036621094,407.260009765625,411.80999755859375,411.80999755859375,977800,CHTR
2019-09-04,415.3800048828125,420.260009765625,415.2200012207031,419.4700012207031,419.4700012207031,1492900,CHTR
2019-09-05,424.75,428.95001220703125,420.30999755859375,422.04998779296875,422.04998779296875,1113400,CHTR
2019-09-06,423.1199951171875,427.8999938964844,421.0199890136719,425.7200012207031,425.7200012207031,973800,CHTR
2019-09-09,425.989990234375,427.1099853515625,417.6600036621094,419.7799987792969,419.7799987792969,1192900,CHTR
2019-09-10,418.9700012207031,423.9200134277344,415.9700012207031,421.3399963378906,421.3399963378906,1367700,CHTR
2019-09-11,420.17999267578125,425.7900085449219,420.17999267578125,425.0,425.0,751400,CHTR
2019-09-12,427.6700134277344,431.42999267578125,423.54998779296875,425.0,425.0,1233700,CHTR
2019-09-13,425.05999755859375,426.6499938964844,421.9100036621094,425.5199890136719,425.5199890136719,890800,CHTR
2019-09-16,425.19000244140625,427.0,419.1499938964844,423.25,423.25,908900,CHTR
2019-09-17,423.30999755859375,425.3599853515625,419.04998779296875,425.1499938964844,425.1499938964844,736600,CHTR
2019-09-18,424.239990234375,425.7099914550781,419.07000732421875,425.4200134277344,425.4200134277344,808600,CHTR
2019-09-19,426.7799987792969,429.8800048828125,425.1000061035156,427.4200134277344,427.4200134277344,831500,CHTR
2019-09-20,426.010009765625,427.2900085449219,419.6499938964844,420.3500061035156,420.3500061035156,2848400,CHTR
2019-09-23,421.69000244140625,423.510009765625,420.1400146484375,421.510009765625,421.510009765625,1036800,CHTR
2019-09-24,422.5400085449219,424.5899963378906,416.69000244140625,417.5299987792969,417.5299987792969,1291000,CHTR
2019-09-25,417.20001220703125,418.57000732421875,414.510009765625,416.6600036621094,416.6600036621094,1836900,CHTR
2019-09-26,418.45001220703125,418.75,406.1600036621094,411.0,411.0,2118300,CHTR
2019-09-27,411.8299865722656,411.8299865722656,401.8399963378906,406.2099914550781,406.2099914550781,1255000,CHTR
2019-09-30,408.2099914550781,413.7699890136719,406.8900146484375,412.1199951171875,412.1199951171875,838400,CHTR
2019-10-01,412.5299987792969,415.4800109863281,405.0199890136719,405.6000061035156,405.6000061035156,1062300,CHTR
2019-10-02,409.9100036621094,412.9200134277344,405.79998779296875,410.75,410.75,1148800,CHTR
2019-10-03,409.010009765625,416.9599914550781,406.70001220703125,416.6700134277344,416.6700134277344,798300,CHTR
2019-10-04,422.1700134277344,429.3999938964844,420.8999938964844,427.7200012207031,427.7200012207031,1074500,CHTR
2019-10-07,425.5299987792969,432.1600036621094,425.2900085449219,430.0400085449219,430.0400085449219,969800,CHTR
2019-10-08,426.9100036621094,430.94000244140625,423.04998779296875,428.07000732421875,428.07000732421875,1226000,CHTR
2019-10-09,431.2300109863281,431.510009765625,427.4800109863281,429.2799987792969,429.2799987792969,624400,CHTR
2019-10-10,428.9700012207031,430.29998779296875,424.8800048828125,426.92999267578125,426.92999267578125,693800,CHTR
2019-10-11,430.2200012207031,430.7200012207031,422.8800048828125,423.1600036621094,423.1600036621094,1235400,CHTR
2019-10-14,423.8900146484375,424.69000244140625,421.9200134277344,422.9599914550781,422.9599914550781,690000,CHTR
2019-10-15,423.6000061035156,435.45001220703125,422.7900085449219,432.9200134277344,432.9200134277344,1282900,CHTR
2019-10-16,432.8500061035156,440.2699890136719,430.260009765625,438.1000061035156,438.1000061035156,906000,CHTR
2019-10-17,439.54998779296875,445.0,437.32000732421875,441.92999267578125,441.92999267578125,723500,CHTR
2019-10-18,443.7900085449219,444.4100036621094,439.6000061035156,440.04998779296875,440.04998779296875,821700,CHTR
2019-10-21,442.2200012207031,444.989990234375,437.260009765625,438.1600036621094,438.1600036621094,746100,CHTR
2019-10-22,437.0400085449219,441.010009765625,435.8699951171875,437.2300109863281,437.2300109863281,1081300,CHTR
2019-10-23,436.25,439.3900146484375,434.1199951171875,435.55999755859375,435.55999755859375,911700,CHTR
2019-10-24,435.1099853515625,439.04998779296875,432.6400146484375,435.07000732421875,435.07000732421875,1033100,CHTR
2019-10-25,460.8699951171875,469.57000732421875,442.25,462.19000244140625,462.19000244140625,2254100,CHTR
2019-10-28,465.8299865722656,470.30999755859375,465.2300109863281,467.0899963378906,467.0899963378906,1072600,CHTR
2019-10-29,464.010009765625,468.989990234375,463.19000244140625,464.07000732421875,464.07000732421875,1054100,CHTR
2019-10-30,464.1000061035156,469.30999755859375,462.30999755859375,468.7799987792969,468.7799987792969,1597300,CHTR
2019-10-31,468.260009765625,469.45001220703125,462.3500061035156,467.8599853515625,467.8599853515625,1432000,CHTR
2019-11-01,469.9700012207031,478.07000732421875,469.04998779296875,476.4800109863281,476.4800109863281,1144300,CHTR
2019-11-04,477.70001220703125,479.17999267578125,471.3699951171875,473.5,473.5,1011700,CHTR
2019-11-05,474.42999267578125,474.42999267578125,467.510009765625,473.25,473.25,1043600,CHTR
2019-11-06,472.7200012207031,472.7200012207031,462.989990234375,469.0299987792969,469.0299987792969,1228400,CHTR
2019-11-07,468.6199951171875,471.07000732421875,463.9599914550781,468.44000244140625,468.44000244140625,1067600,CHTR
2019-11-08,467.260009765625,474.29998779296875,465.4100036621094,469.75,469.75,770200,CHTR
2019-11-11,468.3999938964844,474.6000061035156,467.0199890136719,473.5,473.5,777600,CHTR
2019-11-12,473.4100036621094,475.6400146484375,472.2200012207031,474.07000732421875,474.07000732421875,693000,CHTR
2019-11-13,474.3299865722656,482.6199951171875,472.44000244140625,480.1600036621094,480.1600036621094,1288600,CHTR
2019-11-14,479.2699890136719,480.2900085449219,476.510009765625,479.9700012207031,479.9700012207031,861000,CHTR
2019-11-15,482.44000244140625,485.989990234375,473.2099914550781,475.6000061035156,475.6000061035156,842300,CHTR
2019-11-18,475.1700134277344,477.45001220703125,471.44000244140625,474.07000732421875,474.07000732421875,1150900,CHTR
2019-11-19,475.9100036621094,480.5199890136719,471.2799987792969,478.9700012207031,478.9700012207031,794800,CHTR
2019-11-20,475.92999267578125,483.54998779296875,474.8500061035156,479.0799865722656,479.0799865722656,1148200,CHTR
2019-11-21,479.95001220703125,479.95001220703125,474.2200012207031,474.6499938964844,474.6499938964844,674200,CHTR
2019-11-22,474.510009765625,477.1199951171875,467.4599914550781,468.5,468.5,987700,CHTR
2019-11-25,471.3800048828125,472.9100036621094,464.67999267578125,466.05999755859375,466.05999755859375,1013500,CHTR
2019-11-26,467.29998779296875,469.4700012207031,463.94000244140625,467.30999755859375,467.30999755859375,1555400,CHTR
2019-11-27,467.239990234375,475.8699951171875,466.3299865722656,473.7799987792969,473.7799987792969,703700,CHTR
2019-11-29,473.44000244140625,473.57000732421875,468.8699951171875,470.010009765625,470.010009765625,554900,CHTR
2019-12-02,469.32000732421875,473.20001220703125,467.4200134277344,470.3299865722656,470.3299865722656,898200,CHTR
2019-12-03,469.82000732421875,470.510009765625,465.3900146484375,469.8599853515625,469.8599853515625,807700,CHTR
2019-12-04,466.6400146484375,469.2799987792969,460.9599914550781,462.04998779296875,462.04998779296875,1041000,CHTR
2019-12-05,462.1499938964844,468.2699890136719,461.9100036621094,467.2699890136719,467.2699890136719,1098200,CHTR
2019-12-06,470.5799865722656,473.2200012207031,467.1000061035156,467.8500061035156,467.8500061035156,848400,CHTR
2019-12-09,469.510009765625,475.5,467.20001220703125,468.6600036621094,468.6600036621094,842900,CHTR
2019-12-10,467.1000061035156,469.70001220703125,460.4700012207031,461.7099914550781,461.7099914550781,979900,CHTR
2019-12-11,462.5199890136719,467.32000732421875,461.42999267578125,465.8699951171875,465.8699951171875,884500,CHTR
2019-12-12,466.70001220703125,472.92999267578125,464.8800048828125,469.6000061035156,469.6000061035156,1013600,CHTR
2019-12-13,467.2799987792969,478.07000732421875,465.8500061035156,475.2699890136719,475.2699890136719,1258600,CHTR
2019-12-16,477.8699951171875,478.8299865722656,468.05999755859375,470.2300109863281,470.2300109863281,1341000,CHTR
2019-12-17,471.0299987792969,476.260009765625,469.2300109863281,471.1300048828125,471.1300048828125,1494300,CHTR
2019-12-18,472.6400146484375,476.17999267578125,466.1400146484375,466.5199890136719,466.5199890136719,1081200,CHTR
2019-12-19,466.5199890136719,475.8900146484375,466.20001220703125,475.6700134277344,475.6700134277344,1063200,CHTR
2019-12-20,479.9599914550781,480.8500061035156,473.489990234375,476.2200012207031,476.2200012207031,2831200,CHTR
2019-12-23,476.7200012207031,483.0799865722656,475.4599914550781,480.7200012207031,480.7200012207031,1225600,CHTR
2019-12-24,482.2200012207031,482.94000244140625,480.260009765625,480.8599853515625,480.8599853515625,463700,CHTR
2019-12-26,480.95001220703125,487.17999267578125,480.95001220703125,485.7300109863281,485.7300109863281,752900,CHTR
2019-12-27,487.5199890136719,487.5199890136719,481.8900146484375,483.69000244140625,483.69000244140625,507500,CHTR
2019-12-30,483.739990234375,484.92999267578125,478.3900146484375,483.0799865722656,483.0799865722656,702500,CHTR
2019-12-31,482.29998779296875,487.0799865722656,481.9700012207031,485.0799865722656,485.0799865722656,757100,CHTR
2020-01-02,487.4100036621094,491.4100036621094,480.489990234375,490.42999267578125,490.42999267578125,1378800,CHTR
2020-01-03,485.5299987792969,496.5899963378906,485.5299987792969,494.4700012207031,494.4700012207031,974100,CHTR
2020-01-06,492.6600036621094,498.1499938964844,490.92999267578125,497.45001220703125,497.45001220703125,829900,CHTR
2020-01-07,497.1300048828125,500.6499938964844,495.54998779296875,499.1600036621094,499.1600036621094,1050800,CHTR
2020-01-08,499.0,509.989990234375,498.54998779296875,500.7699890136719,500.7699890136719,1063200,CHTR
2020-01-09,501.5,508.8599853515625,501.5,507.2799987792969,507.2799987792969,924300,CHTR
2020-01-10,507.7900085449219,509.0299987792969,503.5199890136719,505.0299987792969,505.0299987792969,912700,CHTR
2020-01-13,506.0400085449219,512.6500244140625,504.8900146484375,510.1499938964844,510.1499938964844,933700,CHTR
2020-01-14,508.4700012207031,512.7000122070312,506.239990234375,509.6199951171875,509.6199951171875,1656100,CHTR
2020-01-15,510.1499938964844,517.0700073242188,507.04998779296875,515.4000244140625,515.4000244140625,611200,CHTR
2020-01-16,507.0,513.7100219726562,506.1600036621094,508.7799987792969,508.7799987792969,1104100,CHTR
2020-01-17,512.030029296875,512.030029296875,501.3299865722656,502.7300109863281,502.7300109863281,2252900,CHTR
2020-01-21,501.2799987792969,506.7300109863281,498.94000244140625,503.5899963378906,503.5899963378906,1041000,CHTR
2020-01-22,505.5400085449219,512.7899780273438,504.6099853515625,510.5,510.5,1878600,CHTR
2020-01-23,509.6300048828125,516.7000122070312,505.45001220703125,513.1400146484375,513.1400146484375,1182300,CHTR
2020-01-24,512.6300048828125,514.260009765625,503.8999938964844,504.6700134277344,504.6700134277344,1183000,CHTR
2020-01-27,499.1400146484375,507.3599853515625,497.4200134277344,504.0799865722656,504.0799865722656,1930900,CHTR
2020-01-28,501.7300109863281,507.45001220703125,498.80999755859375,499.3399963378906,499.3399963378906,1326700,CHTR
2020-01-29,498.32000732421875,499.07000732421875,487.82000732421875,490.739990234375,490.739990234375,1208800,CHTR
2020-01-30,486.8800048828125,494.3299865722656,484.9599914550781,492.9800109863281,492.9800109863281,1067200,CHTR
2020-01-31,504.760009765625,521.6900024414062,495.0,517.4600219726562,517.4600219726562,2053600,CHTR
2020-02-03,522.8400268554688,537.5399780273438,522.6900024414062,532.0499877929688,532.0499877929688,1666700,CHTR
2020-02-04,528.8499755859375,532.6500244140625,519.8499755859375,531.75,531.75,1596200,CHTR
2020-02-05,522.0,530.530029296875,521.030029296875,522.1799926757812,522.1799926757812,1819300,CHTR
2020-02-06,524.8599853515625,529.4600219726562,522.9199829101562,526.5599975585938,526.5599975585938,830700,CHTR
2020-02-07,526.1099853515625,526.5499877929688,521.3400268554688,525.2100219726562,525.2100219726562,753600,CHTR
2020-02-10,525.75,531.75,524.4199829101562,530.3400268554688,530.3400268554688,1252900,CHTR
2020-02-11,531.0,532.2999877929688,524.010009765625,530.9400024414062,530.9400024414062,1098100,CHTR
2020-02-12,531.489990234375,535.4199829101562,528.6300048828125,534.0,534.0,891300,CHTR
2020-02-13,534.1199951171875,536.25,532.5499877929688,534.72998046875,534.72998046875,709400,CHTR
2020-02-14,532.489990234375,536.25,532.2000122070312,534.8900146484375,534.8900146484375,658200,CHTR
2020-02-18,535.25,538.7000122070312,533.3800048828125,537.5999755859375,537.5999755859375,739500,CHTR
2020-02-19,539.72998046875,546.5399780273438,536.9400024414062,542.4600219726562,542.4600219726562,1041500,CHTR
2020-02-20,542.010009765625,544.0900268554688,532.0900268554688,539.219970703125,539.219970703125,1049400,CHTR
2020-02-21,537.3400268554688,538.4299926757812,529.239990234375,535.3400268554688,535.3400268554688,1243500,CHTR
2020-02-24,529.7999877929688,534.0,525.5900268554688,528.7000122070312,528.7000122070312,1410600,CHTR
2020-02-25,530.8400268554688,534.8300170898438,517.010009765625,517.989990234375,517.989990234375,1698000,CHTR
2020-02-26,524.780029296875,527.5,516.6799926757812,518.0900268554688,518.0900268554688,1617800,CHTR
2020-02-27,513.2100219726562,520.489990234375,507.510009765625,508.54998779296875,508.54998779296875,2609100,CHTR
2020-02-28,500.70001220703125,509.8800048828125,485.4599914550781,493.1700134277344,493.1700134277344,3589100,CHTR
2020-03-02,494.4700012207031,500.70001220703125,490.3399963378906,497.1300048828125,497.1300048828125,2951700,CHTR
2020-03-03,489.17999267578125,505.5,489.17999267578125,495.0299987792969,495.0299987792969,2884900,CHTR
2020-03-04,502.3800048828125,524.6500244140625,498.80999755859375,522.8400268554688,522.8400268554688,2014000,CHTR
2020-03-05,514.3400268554688,522.760009765625,501.2300109863281,505.1400146484375,505.1400146484375,4485300,CHTR
2020-03-06,486.8399963378906,498.6199951171875,480.6499938964844,496.7200012207031,496.7200012207031,2145300,CHTR
2020-03-09,466.5799865722656,478.6199951171875,460.739990234375,463.2099914550781,463.2099914550781,2565900,CHTR
2020-03-10,467.79998779296875,477.8699951171875,460.3599853515625,476.760009765625,476.760009765625,2660500,CHTR
2020-03-11,466.82000732421875,477.0,443.9200134277344,450.6499938964844,450.6499938964844,3023500,CHTR
2020-03-12,434.0,446.739990234375,421.8599853515625,427.5400085449219,427.5400085449219,3459100,CHTR
2020-03-13,446.4800109863281,454.5199890136719,413.6600036621094,454.19000244140625,454.19000244140625,3147600,CHTR
2020-03-16,414.9800109863281,418.3800048828125,388.1300048828125,389.1099853515625,389.1099853515625,3274200,CHTR
2020-03-17,397.4700012207031,406.6300048828125,388.2300109863281,393.0199890136719,393.0199890136719,3736000,CHTR
2020-03-18,374.7799987792969,390.75,345.6700134277344,381.5199890136719,381.5199890136719,4954800,CHTR
2020-03-19,379.57000732421875,414.3999938964844,372.94000244140625,393.05999755859375,393.05999755859375,2466800,CHTR
2020-03-20,394.80999755859375,404.55999755859375,370.0,371.70001220703125,371.70001220703125,3322200,CHTR
2020-03-23,371.0,399.989990234375,364.6700134277344,381.7799987792969,381.7799987792969,2462500,CHTR
2020-03-24,396.5199890136719,421.2099914550781,396.5199890136719,419.3999938964844,419.3999938964844,2817600,CHTR
2020-03-25,416.010009765625,441.0,408.5400085449219,420.7699890136719,420.7699890136719,2222800,CHTR
2020-03-26,424.4700012207031,460.5400085449219,422.04998779296875,454.1700134277344,454.1700134277344,2182700,CHTR
2020-03-27,439.010009765625,456.3999938964844,434.8999938964844,439.70001220703125,439.70001220703125,1909800,CHTR
2020-03-30,440.739990234375,454.510009765625,440.739990234375,450.7799987792969,450.7799987792969,2043900,CHTR
2020-03-31,443.7699890136719,449.1700134277344,432.05999755859375,436.30999755859375,436.30999755859375,2072800,CHTR
2020-04-01,418.29998779296875,434.8299865722656,413.3900146484375,424.0299987792969,424.0299987792969,1360900,CHTR
2020-04-02,420.260009765625,436.8800048828125,418.010009765625,435.6600036621094,435.6600036621094,1377200,CHTR
2020-04-03,433.239990234375,440.6199951171875,425.989990234375,433.79998779296875,433.79998779296875,1027900,CHTR
2020-04-06,451.9700012207031,464.5,442.75,459.54998779296875,459.54998779296875,1627400,CHTR
2020-04-07,472.8299865722656,475.1499938964844,449.8299865722656,451.75,451.75,1632600,CHTR
2020-04-08,461.6199951171875,466.1400146484375,450.9700012207031,463.92999267578125,463.92999267578125,1070800,CHTR
2020-04-09,465.6499938964844,476.1499938964844,456.19000244140625,466.6400146484375,466.6400146484375,1634300,CHTR
2020-04-13,468.9700012207031,473.20001220703125,462.1600036621094,469.70001220703125,469.70001220703125,988100,CHTR
2020-04-14,473.4800109863281,495.9200134277344,473.1300048828125,489.57000732421875,489.57000732421875,1366600,CHTR
2020-04-15,477.7099914550781,497.9800109863281,474.5400085449219,496.32000732421875,496.32000732421875,1041200,CHTR
2020-04-16,499.94000244140625,507.7699890136719,493.5,496.3500061035156,496.3500061035156,1158400,CHTR
2020-04-17,504.3500061035156,509.1199951171875,486.07000732421875,499.4200134277344,499.4200134277344,1487900,CHTR
2020-04-20,495.989990234375,506.260009765625,490.45001220703125,498.6700134277344,498.6700134277344,947600,CHTR
2020-04-21,493.3800048828125,497.5899963378906,486.7699890136719,490.7799987792969,490.7799987792969,1178400,CHTR
2020-04-22,500.3900146484375,501.3500061035156,490.239990234375,496.0799865722656,496.0799865722656,878300,CHTR
2020-04-23,498.5,508.05999755859375,495.6099853515625,499.1199951171875,499.1199951171875,713800,CHTR
2020-04-24,501.5299987792969,508.8599853515625,494.1099853515625,508.54998779296875,508.54998779296875,767800,CHTR
2020-04-27,511.80999755859375,515.6300048828125,505.7799987792969,508.44000244140625,508.44000244140625,933000,CHTR
2020-04-28,514.72998046875,514.72998046875,494.3299865722656,497.1600036621094,497.1600036621094,963900,CHTR
2020-04-29,501.9100036621094,505.57000732421875,492.4200134277344,494.6700134277344,494.6700134277344,1117000,CHTR
2020-04-30,492.6700134277344,511.3299865722656,490.3500061035156,495.2300109863281,495.2300109863281,2353600,CHTR
2020-05-01,511.0,517.9099731445312,495.510009765625,509.6400146484375,509.6400146484375,1671400,CHTR
2020-05-04,514.1199951171875,521.7999877929688,508.8699951171875,515.72998046875,515.72998046875,1153500,CHTR
2020-05-05,517.010009765625,518.4199829101562,508.8800048828125,513.4400024414062,513.4400024414062,939600,CHTR
2020-05-06,516.5599975585938,517.8699951171875,496.6199951171875,503.9599914550781,503.9599914550781,806900,CHTR
2020-05-07,511.80999755859375,520.0,507.6099853515625,514.25,514.25,862800,CHTR
2020-05-08,521.4600219726562,521.4600219726562,513.1300048828125,515.280029296875,515.280029296875,607700,CHTR
2020-05-11,510.6600036621094,515.6500244140625,507.20001220703125,510.739990234375,510.739990234375,835900,CHTR
2020-05-12,507.30999755859375,514.5900268554688,501.3699951171875,501.92999267578125,501.92999267578125,776000,CHTR
2020-05-13,500.0899963378906,503.0,487.6700134277344,498.29998779296875,498.29998779296875,1078900,CHTR
2020-05-14,499.0899963378906,502.05999755859375,489.2699890136719,497.44000244140625,497.44000244140625,831200,CHTR
2020-05-15,491.3599853515625,503.4700012207031,485.010009765625,503.3900146484375,503.3900146484375,905300,CHTR
2020-05-18,511.1499938964844,524.6599731445312,505.79998779296875,517.7899780273438,517.7899780273438,1194900,CHTR
2020-05-19,512.9299926757812,523.2899780273438,512.4000244140625,520.4400024414062,520.4400024414062,1082900,CHTR
2020-05-20,519.3499755859375,525.77001953125,510.8999938964844,512.7999877929688,512.7999877929688,1089500,CHTR
2020-05-21,511.25,519.6400146484375,510.0,516.9600219726562,516.9600219726562,788200,CHTR
2020-05-22,513.7100219726562,519.0999755859375,509.239990234375,512.9000244140625,512.9000244140625,714400,CHTR
2020-05-26,515.0,517.6900024414062,508.20001220703125,509.8500061035156,509.8500061035156,977600,CHTR
2020-05-27,512.760009765625,528.0599975585938,511.010009765625,525.1099853515625,525.1099853515625,1479400,CHTR
2020-05-28,528.5399780273438,539.8800048828125,528.5399780273438,534.6699829101562,534.6699829101562,1577400,CHTR
2020-05-29,535.5,545.6300048828125,531.0800170898438,544.0,544.0,1606100,CHTR
2020-06-01,545.0399780273438,548.0399780273438,540.02001953125,541.2999877929688,541.2999877929688,849200,CHTR
2020-06-02,541.6900024414062,549.0,540.8300170898438,545.219970703125,545.219970703125,960600,CHTR
2020-06-03,545.469970703125,548.8099975585938,542.260009765625,547.2999877929688,547.2999877929688,674500,CHTR
2020-06-04,544.469970703125,548.9099731445312,534.6599731445312,540.030029296875,540.030029296875,1109500,CHTR
2020-06-05,538.6500244140625,546.0700073242188,528.02001953125,530.719970703125,530.719970703125,1394800,CHTR
2020-06-08,524.0,540.4000244140625,522.0800170898438,540.3599853515625,540.3599853515625,1225300,CHTR
2020-06-09,541.0900268554688,542.3599853515625,529.4299926757812,531.5700073242188,531.5700073242188,892900,CHTR
2020-06-10,536.3499755859375,536.3499755859375,528.5,533.8099975585938,533.8099975585938,951800,CHTR
2020-06-11,532.7100219726562,535.6699829101562,517.1500244140625,517.1699829101562,517.1699829101562,1485400,CHTR
2020-06-12,524.3499755859375,530.719970703125,515.2899780273438,522.5700073242188,522.5700073242188,1043600,CHTR
2020-06-15,514.0499877929688,526.75,511.54998779296875,526.02001953125,526.02001953125,910400,CHTR
2020-06-16,528.0,538.02001953125,525.8900146484375,532.4500122070312,532.4500122070312,976600,CHTR
2020-06-17,535.3699951171875,539.1099853515625,532.8200073242188,534.22998046875,534.22998046875,953300,CHTR
2020-06-18,531.9400024414062,538.969970703125,530.4199829101562,535.1099853515625,535.1099853515625,886100,CHTR
2020-06-19,540.0,540.9000244140625,524.469970703125,536.6699829101562,536.6699829101562,2643800,CHTR
2020-06-22,532.4500122070312,534.010009765625,523.4000244140625,527.6699829101562,527.6699829101562,886700,CHTR
2020-06-23,532.0599975585938,532.0599975585938,516.0999755859375,521.0399780273438,521.0399780273438,1199400,CHTR
2020-06-24,512.1199951171875,517.8400268554688,505.57000732421875,507.989990234375,507.989990234375,1380500,CHTR
2020-06-25,507.4599914550781,512.5499877929688,500.1600036621094,510.0199890136719,510.0199890136719,792900,CHTR
2020-06-26,510.5,510.5,500.5,502.2699890136719,502.2699890136719,1615500,CHTR
2020-06-29,509.7300109863281,513.5599975585938,499.510009765625,509.2200012207031,509.2200012207031,1009900,CHTR
2020-06-30,509.6300048828125,511.9599914550781,498.0799865722656,510.0400085449219,510.0400085449219,1256400,CHTR
2020-07-01,510.0400085449219,525.780029296875,505.45001220703125,521.9099731445312,521.9099731445312,1112600,CHTR
2020-07-02,522.0999755859375,528.8699951171875,517.02001953125,517.6900024414062,517.6900024414062,785800,CHTR
2020-07-06,525.5599975585938,527.1699829101562,520.47998046875,526.2899780273438,526.2899780273438,814900,CHTR
2020-07-07,522.739990234375,532.3400268554688,521.97998046875,528.02001953125,528.02001953125,852800,CHTR
2020-07-08,527.97998046875,530.1699829101562,523.0,528.3099975585938,528.3099975585938,773600,CHTR
2020-07-09,529.5900268554688,532.25,520.6699829101562,530.1900024414062,530.1900024414062,792900,CHTR
2020-07-10,530.3900146484375,540.4400024414062,527.5,537.9199829101562,537.9199829101562,789900,CHTR
2020-07-13,536.6300048828125,544.4500122070312,532.8599853515625,533.780029296875,533.780029296875,958400,CHTR
2020-07-14,530.4299926757812,543.97998046875,525.8699951171875,542.9500122070312,542.9500122070312,706000,CHTR
2020-07-15,543.75,552.5399780273438,542.530029296875,552.010009765625,552.010009765625,936500,CHTR
2020-07-16,552.8200073242188,558.0999755859375,547.780029296875,558.030029296875,558.030029296875,1061200,CHTR
2020-07-17,562.4500122070312,569.8699951171875,560.010009765625,564.6599731445312,564.6599731445312,1420700,CHTR
2020-07-20,564.6599731445312,571.5999755859375,562.5800170898438,565.510009765625,565.510009765625,728000,CHTR
2020-07-21,567.9600219726562,570.9099731445312,563.4000244140625,564.6799926757812,564.6799926757812,719600,CHTR
2020-07-22,566.9600219726562,568.2000122070312,561.2999877929688,565.1199951171875,565.1199951171875,540400,CHTR
2020-07-23,567.3699951171875,569.1500244140625,556.1900024414062,560.4199829101562,560.4199829101562,540600,CHTR
2020-07-24,558.6199951171875,562.969970703125,554.3599853515625,561.719970703125,561.719970703125,587700,CHTR
2020-07-27,562.5399780273438,563.0999755859375,555.27001953125,559.9099731445312,559.9099731445312,733600,CHTR
2020-07-28,558.7999877929688,566.4600219726562,557.02001953125,561.4099731445312,561.4099731445312,522600,CHTR
2020-07-29,564.2100219726562,569.6799926757812,560.5999755859375,566.4199829101562,566.4199829101562,644300,CHTR
2020-07-30,559.530029296875,568.510009765625,558.1699829101562,563.4400024414062,563.4400024414062,771500,CHTR
2020-07-31,594.3099975585938,594.3099975585938,554.260009765625,580.0,580.0,1637700,CHTR
2020-08-03,585.010009765625,593.9000244140625,581.1400146484375,589.7000122070312,589.7000122070312,1013500,CHTR
2020-08-04,580.0,601.760009765625,579.0,600.010009765625,600.010009765625,952000,CHTR
2020-08-05,598.75,603.5999755859375,597.22998046875,598.260009765625,598.260009765625,682000,CHTR
2020-08-06,595.3499755859375,604.1199951171875,594.6799926757812,602.1400146484375,602.1400146484375,716100,CHTR
2020-08-07,603.3900146484375,611.469970703125,598.25,601.8699951171875,601.8699951171875,810900,CHTR
2020-08-10,598.6500244140625,606.0,598.0999755859375,602.3400268554688,602.3400268554688,789500,CHTR
2020-08-11,604.4199829101562,604.4199829101562,588.969970703125,590.47998046875,590.47998046875,862900,CHTR
2020-08-12,590.989990234375,607.0,590.989990234375,598.739990234375,598.739990234375,1033900,CHTR
2020-08-13,595.4600219726562,609.3099975585938,595.4600219726562,604.219970703125,604.219970703125,854000,CHTR
2020-08-14,604.5499877929688,610.9500122070312,602.8800048828125,604.989990234375,604.989990234375,664700,CHTR
2020-08-17,608.8499755859375,610.2000122070312,601.0999755859375,604.969970703125,604.969970703125,650200,CHTR
2020-08-18,608.22998046875,612.9299926757812,606.510009765625,610.6900024414062,610.6900024414062,700300,CHTR
2020-08-19,612.4600219726562,616.0700073242188,607.7999877929688,611.6599731445312,611.6599731445312,961500,CHTR
2020-08-20,607.9400024414062,614.3699951171875,607.9400024414062,612.5399780273438,612.5399780273438,630500,CHTR
2020-08-21,610.97998046875,614.7999877929688,606.6099853515625,613.9600219726562,613.9600219726562,677900,CHTR
2020-08-24,613.3900146484375,618.030029296875,611.1400146484375,612.530029296875,612.530029296875,1087100,CHTR
2020-08-25,619.510009765625,620.1900024414062,604.4099731445312,609.75,609.75,1112000,CHTR
2020-08-26,606.8200073242188,618.489990234375,605.280029296875,614.5599975585938,614.5599975585938,907200,CHTR
2020-08-27,619.0499877929688,621.0399780273438,612.5900268554688,614.2899780273438,614.2899780273438,881400,CHTR
2020-08-28,613.010009765625,616.5700073242188,609.3499755859375,615.6400146484375,615.6400146484375,632500,CHTR
2020-08-31,614.8400268554688,620.22998046875,613.6300048828125,615.6099853515625,615.6099853515625,811700,CHTR
2020-09-01,614.0399780273438,620.2000122070312,611.0,617.239990234375,617.239990234375,874200,CHTR
2020-09-02,616.9600219726562,626.6199951171875,614.0499877929688,622.4500122070312,622.4500122070312,741600,CHTR
2020-09-03,624.0399780273438,629.52001953125,603.030029296875,608.0999755859375,608.0999755859375,1016200,CHTR
2020-09-04,610.0599975585938,611.3900146484375,592.0900268554688,604.02001953125,604.02001953125,1082000,CHTR
2020-09-08,595.72998046875,604.3400268554688,591.5999755859375,596.5,596.5,1209200,CHTR
2020-09-09,598.6400146484375,617.7999877929688,598.4000244140625,613.280029296875,613.280029296875,905700,CHTR
2020-09-10,611.3800048828125,622.22998046875,603.3099975585938,604.0599975585938,604.0599975585938,1061100,CHTR
2020-09-11,606.5900268554688,608.5700073242188,597.7999877929688,601.52001953125,601.52001953125,860500,CHTR
2020-09-14,608.030029296875,613.5900268554688,603.6699829101562,609.7000122070312,609.7000122070312,755000,CHTR
2020-09-15,610.719970703125,627.4299926757812,610.219970703125,622.5499877929688,622.5499877929688,830400,CHTR
2020-09-16,626.75,635.8599853515625,626.2100219726562,630.0700073242188,630.0700073242188,1179200,CHTR
2020-09-17,618.22998046875,624.1699829101562,609.6699829101562,620.3099975585938,620.3099975585938,1341300,CHTR
2020-09-18,622.0800170898438,628.2999877929688,611.7899780273438,625.25,625.25,1969000,CHTR
2020-09-21,621.969970703125,625.9199829101562,606.9099731445312,614.3400268554688,614.3400268554688,1314000,CHTR
2020-09-22,612.4500122070312,634.3400268554688,612.4500122070312,633.0499877929688,633.0499877929688,1216500,CHTR
2020-09-23,632.969970703125,633.989990234375,615.0999755859375,616.3499755859375,616.3499755859375,1017400,CHTR
2020-09-24,614.4600219726562,621.280029296875,609.5399780273438,611.4500122070312,611.4500122070312,931400,CHTR
2020-09-25,609.8900146484375,617.4000244140625,606.1099853515625,614.22998046875,614.22998046875,1072800,CHTR
2020-09-28,625.1599731445312,633.6400146484375,619.6400146484375,628.22998046875,628.22998046875,1035200,CHTR
2020-09-29,626.8499755859375,635.8300170898438,625.02001953125,626.5,626.5,817400,CHTR
2020-09-30,629.8099975585938,632.0599975585938,620.6799926757812,624.3400268554688,624.3400268554688,1148700,CHTR
2020-10-01,627.3099975585938,640.0,627.3099975585938,635.1099853515625,635.1099853515625,1386800,CHTR
2020-10-02,626.5399780273438,633.1699829101562,617.2899780273438,620.22998046875,620.22998046875,1046500,CHTR
2020-10-05,623.3499755859375,639.27001953125,621.6300048828125,633.97998046875,633.97998046875,807900,CHTR
2020-10-06,632.3599853515625,638.0599975585938,619.0999755859375,620.8900146484375,620.8900146484375,1104600,CHTR
2020-10-07,623.22998046875,629.72998046875,622.989990234375,623.72998046875,623.72998046875,802700,CHTR
2020-10-08,626.8099975585938,633.6900024414062,622.239990234375,629.0800170898438,629.0800170898438,583800,CHTR
2020-10-09,631.8800048828125,639.3400268554688,631.6400146484375,635.6400146484375,635.6400146484375,625900,CHTR
2020-10-12,643.5700073242188,663.7000122070312,639.239990234375,651.719970703125,651.719970703125,1307400,CHTR
2020-10-13,653.6099853515625,656.8900146484375,646.489990234375,649.9500122070312,649.9500122070312,963900,CHTR
2020-10-14,651.6699829101562,653.6400146484375,638.010009765625,638.6199951171875,638.6199951171875,840700,CHTR
2020-10-15,631.8699951171875,640.2999877929688,630.5,636.8900146484375,636.8900146484375,825900,CHTR
2020-10-16,638.8699951171875,646.989990234375,633.52001953125,633.9199829101562,633.9199829101562,772800,CHTR
2020-10-19,635.6699829101562,640.0,616.7000122070312,617.6599731445312,617.6599731445312,1080600,CHTR
2020-10-20,622.739990234375,622.739990234375,606.6199951171875,608.260009765625,608.260009765625,1066100,CHTR
2020-10-21,604.3099975585938,612.3300170898438,601.510009765625,605.3300170898438,605.3300170898438,727100,CHTR
2020-10-22,605.030029296875,605.030029296875,596.4299926757812,599.9099731445312,599.9099731445312,1001800,CHTR
2020-10-23,603.0700073242188,603.0700073242188,588.4099731445312,593.280029296875,593.280029296875,842200,CHTR
2020-10-26,588.7899780273438,595.8300170898438,581.4199829101562,582.1300048828125,582.1300048828125,1119600,CHTR
2020-10-27,585.0,590.2999877929688,580.5,583.6500244140625,583.6500244140625,897300,CHTR
2020-10-28,574.969970703125,585.4099731445312,572.4600219726562,572.5800170898438,572.5800170898438,983100,CHTR
2020-10-29,573.3300170898438,583.0499877929688,573.0999755859375,576.0,576.0,1420400,CHTR
2020-10-30,580.5499877929688,610.6599731445312,580.5499877929688,603.8200073242188,603.8200073242188,2456100,CHTR
2020-11-02,605.0999755859375,610.3599853515625,578.760009765625,588.4299926757812,588.4299926757812,1268200,CHTR
2020-11-03,596.0,602.5900268554688,591.72998046875,591.989990234375,591.989990234375,1172900,CHTR
2020-11-04,610.9000244140625,645.7000122070312,608.27001953125,634.469970703125,634.469970703125,1940400,CHTR
2020-11-05,643.0499877929688,650.4299926757812,638.1099853515625,647.3599853515625,647.3599853515625,1007600,CHTR
2020-11-06,647.6799926757812,649.9199829101562,640.4500122070312,644.489990234375,644.489990234375,693000,CHTR
2020-11-09,659.7899780273438,659.7899780273438,612.6799926757812,613.2000122070312,613.2000122070312,1632700,CHTR
2020-11-10,603.4500122070312,631.6400146484375,603.4500122070312,626.8800048828125,626.8800048828125,1054700,CHTR
2020-11-11,628.7999877929688,640.52001953125,628.7999877929688,636.9199829101562,636.9199829101562,709300,CHTR
2020-11-12,639.3300170898438,645.0599975585938,635.4000244140625,637.9600219726562,637.9600219726562,650000,CHTR
2020-11-13,638.22998046875,648.8200073242188,638.1099853515625,647.1900024414062,647.1900024414062,757500,CHTR
2020-11-16,642.8400268554688,647.510009765625,639.9500122070312,641.4099731445312,641.4099731445312,1066300,CHTR
2020-11-17,637.3200073242188,643.5700073242188,632.530029296875,641.510009765625,641.510009765625,621500,CHTR
2020-11-18,645.1400146484375,651.1699829101562,635.52001953125,642.4400024414062,642.4400024414062,1655400,CHTR
2020-11-19,639.8599853515625,655.72998046875,636.6900024414062,650.5399780273438,650.5399780273438,1288500,CHTR
2020-11-20,651.3099975585938,663.0700073242188,647.5,655.4099731445312,655.4099731445312,1163700,CHTR
2020-11-23,657.8699951171875,659.5599975585938,642.7000122070312,645.0399780273438,645.0399780273438,1518500,CHTR
2020-11-24,641.7000122070312,654.7899780273438,633.6599731445312,650.4400024414062,650.4400024414062,1074600,CHTR
2020-11-25,652.260009765625,653.510009765625,644.8699951171875,651.4000244140625,651.4000244140625,681100,CHTR
2020-11-27,647.5900268554688,650.8800048828125,642.0499877929688,642.7999877929688,642.7999877929688,569400,CHTR
2020-11-30,646.219970703125,655.3400268554688,643.0399780273438,651.989990234375,651.989990234375,1178700,CHTR
2020-12-01,656.7000122070312,666.5900268554688,652.7999877929688,662.25,662.25,1177100,CHTR
2020-12-02,659.7899780273438,669.9000244140625,659.1400146484375,667.1699829101562,667.1699829101562,820600,CHTR
2020-12-03,666.6599731445312,675.739990234375,656.5599975585938,670.4299926757812,670.4299926757812,822200,CHTR
2020-12-04,670.5800170898438,674.0499877929688,667.0800170898438,670.739990234375,670.739990234375,685900,CHTR
2020-12-07,667.3599853515625,680.760009765625,666.97998046875,680.760009765625,680.760009765625,881000,CHTR
2020-12-08,676.47998046875,681.7100219726562,661.8099975585938,663.3699951171875,663.3699951171875,1020900,CHTR
2020-12-09,660.4500122070312,665.9600219726562,643.530029296875,644.0800170898438,644.0800170898438,1813100,CHTR
2020-12-10,644.5599975585938,659.5800170898438,642.7899780273438,658.0399780273438,658.0399780273438,880100,CHTR
2020-12-11,654.0599975585938,655.97998046875,648.02001953125,651.760009765625,651.760009765625,989000,CHTR
2020-12-14,654.77001953125,656.239990234375,649.1099853515625,649.6699829101562,649.6699829101562,1284600,CHTR
2020-12-15,653.0800170898438,656.5,646.0700073242188,646.280029296875,646.280029296875,1034600,CHTR
2020-12-16,646.280029296875,649.6400146484375,634.469970703125,642.4299926757812,642.4299926757812,1283900,CHTR
2020-12-17,645.1099853515625,657.5700073242188,644.9500122070312,653.97998046875,653.97998046875,1904700,CHTR
2020-12-18,656.9400024414062,658.3499755859375,646.52001953125,652.0,652.0,2253900,CHTR
2020-12-21,645.260009765625,658.3800048828125,641.7899780273438,654.6900024414062,654.6900024414062,893200,CHTR
2020-12-22,654.02001953125,654.7899780273438,638.760009765625,641.0999755859375,641.0999755859375,1269800,CHTR
2020-12-23,642.8699951171875,652.5800170898438,640.030029296875,647.4400024414062,647.4400024414062,1590800,CHTR
2020-12-24,646.5999755859375,657.3300170898438,646.5999755859375,656.489990234375,656.489990234375,1127300,CHTR
2020-12-28,661.3800048828125,661.3800048828125,649.4400024414062,651.9000244140625,651.9000244140625,774800,CHTR
2020-12-29,654.2999877929688,666.3699951171875,651.25,664.97998046875,664.97998046875,1301000,CHTR
2020-12-30,667.010009765625,668.0,652.2899780273438,653.489990234375,653.489990234375,865400,CHTR
2020-12-31,653.4400024414062,664.780029296875,652.8599853515625,661.5499877929688,661.5499877929688,699500,CHTR
2021-01-04,666.5900268554688,666.5900268554688,637.0,647.030029296875,647.030029296875,1185200,CHTR
2021-01-05,646.1300048828125,649.0,632.9500122070312,636.5900268554688,636.5900268554688,842600,CHTR
2021-01-06,612.1599731445312,634.8099975585938,612.1599731445312,624.510009765625,624.510009765625,1491400,CHTR
2021-01-07,627.72998046875,638.25,622.0,629.77001953125,629.77001953125,1259500,CHTR
2021-01-08,624.3900146484375,634.7899780273438,624.3900146484375,634.3800048828125,634.3800048828125,1051100,CHTR
2021-01-11,636.9000244140625,642.75,632.969970703125,641.1300048828125,641.1300048828125,1082800,CHTR
2021-01-12,636.1199951171875,639.77001953125,618.489990234375,621.489990234375,621.489990234375,1695600,CHTR
2021-01-13,619.0700073242188,623.0399780273438,614.8699951171875,618.010009765625,618.010009765625,1090300,CHTR
2021-01-14,616.47998046875,630.4099731445312,610.8900146484375,623.0900268554688,623.0900268554688,1484500,CHTR
2021-01-15,620.25,634.0800170898438,617.02001953125,628.9099731445312,628.9099731445312,1150400,CHTR
2021-01-19,628.1099853515625,633.9500122070312,623.3699951171875,633.27001953125,633.27001953125,1052000,CHTR
2021-01-20,633.3900146484375,648.3099975585938,631.9600219726562,642.8200073242188,642.8200073242188,943400,CHTR
2021-01-21,643.3300170898438,651.8900146484375,639.7899780273438,650.4299926757812,650.4299926757812,768700,CHTR
2021-01-22,649.4500122070312,651.8900146484375,642.77001953125,646.6900024414062,646.6900024414062,699100,CHTR
2021-01-25,649.6400146484375,660.2999877929688,647.8400268554688,652.1699829101562,652.1699829101562,888400,CHTR
2021-01-26,651.6300048828125,654.760009765625,647.02001953125,649.5399780273438,649.5399780273438,893500,CHTR
2021-01-27,643.9299926757812,651.9199829101562,615.1099853515625,615.780029296875,615.780029296875,1919500,CHTR
2021-01-28,638.0999755859375,671.0,635.0800170898438,654.6500244140625,654.6500244140625,1773900,CHTR
2021-01-29,626.010009765625,636.030029296875,604.0900268554688,607.5599975585938,607.5599975585938,2393600,CHTR
2021-02-01,611.010009765625,614.1300048828125,593.0999755859375,599.02001953125,599.02001953125,1465600,CHTR
2021-02-02,597.6900024414062,625.3099975585938,595.9099731445312,616.7000122070312,616.7000122070312,1531200,CHTR
2021-02-03,616.6500244140625,617.030029296875,603.3200073242188,609.260009765625,609.260009765625,929800,CHTR
2021-02-04,604.97998046875,621.2899780273438,604.97998046875,619.7899780273438,619.7899780273438,840700,CHTR
2021-02-05,621.030029296875,628.2999877929688,615.1199951171875,617.6500244140625,617.6500244140625,799800,CHTR
2021-02-08,616.6300048828125,619.6900024414062,610.8699951171875,615.530029296875,615.530029296875,957800,CHTR
2021-02-09,616.3400268554688,626.6300048828125,613.7999877929688,619.510009765625,619.510009765625,836400,CHTR
2021-02-10,623.3599853515625,623.3599853515625,608.1099853515625,611.6300048828125,611.6300048828125,1036500,CHTR
2021-02-11,614.2000122070312,619.1599731445312,603.530029296875,618.6799926757812,618.6799926757812,829200,CHTR
2021-02-12,615.9299926757812,619.5499877929688,610.6500244140625,613.4500122070312,613.4500122070312,623900,CHTR
2021-02-16,609.1900024414062,619.02001953125,606.25,618.469970703125,618.469970703125,909500,CHTR
2021-02-17,615.7000122070312,626.9500122070312,614.4400024414062,624.1199951171875,624.1199951171875,929700,CHTR
2021-02-18,625.0599975585938,625.0599975585938,612.7100219726562,616.4199829101562,616.4199829101562,760900,CHTR
2021-02-19,613.4299926757812,619.530029296875,606.5399780273438,607.2899780273438,607.2899780273438,1193100,CHTR
2021-02-22,602.2999877929688,609.8800048828125,595.0,596.5,596.5,1744400,CHTR
2021-02-23,602.7999877929688,609.27001953125,585.4500122070312,602.77001953125,602.77001953125,1852100,CHTR
2021-02-24,590.4400024414062,614.72998046875,590.4400024414062,608.510009765625,608.510009765625,1201100,CHTR
2021-02-25,605.8200073242188,618.1199951171875,598.969970703125,601.5499877929688,601.5499877929688,1358900,CHTR
2021-02-26,602.489990234375,627.3800048828125,601.5,613.4199829101562,613.4199829101562,1619400,CHTR
2021-03-01,618.3900146484375,624.0700073242188,610.010009765625,619.6799926757812,619.6799926757812,895300,CHTR
2021-03-02,622.4099731445312,624.5,611.25,616.0700073242188,616.0700073242188,984800,CHTR
2021-03-03,612.010009765625,613.719970703125,599.9000244140625,601.02001953125,601.02001953125,1785500,CHTR
2021-03-04,599.0,618.6599731445312,598.010009765625,607.6400146484375,607.6400146484375,1500300,CHTR
2021-03-05,614.0,629.7000122070312,609.6599731445312,624.030029296875,624.030029296875,1513300,CHTR
2021-03-08,621.739990234375,630.2000122070312,611.5700073242188,612.3800048828125,612.3800048828125,1123900,CHTR
2021-03-09,620.3499755859375,620.3499755859375,610.97998046875,614.77001953125,614.77001953125,1022500,CHTR
2021-03-10,625.4400024414062,639.280029296875,618.9600219726562,629.0700073242188,629.0700073242188,1472300,CHTR
2021-03-11,626.3300170898438,630.6699829101562,613.0,624.22998046875,624.22998046875,1441500,CHTR
2021-03-12,618.989990234375,629.2100219726562,611.3800048828125,624.1500244140625,624.1500244140625,1410200,CHTR
2021-03-15,624.4199829101562,625.8499755859375,612.02001953125,625.0,625.0,1149400,CHTR
2021-03-16,629.6199951171875,643.510009765625,625.6199951171875,639.6500244140625,639.6500244140625,1147800,CHTR
2021-03-17,643.7899780273438,644.22998046875,633.8400268554688,641.8599853515625,641.8599853515625,1202200,CHTR
2021-03-18,628.280029296875,635.4199829101562,617.3099975585938,629.3900146484375,629.3900146484375,1550600,CHTR
2021-03-19,632.8099975585938,636.8599853515625,626.8400268554688,629.739990234375,629.739990234375,2776800,CHTR
2021-03-22,627.6400146484375,643.9600219726562,627.6400146484375,637.6199951171875,637.6199951171875,1159600,CHTR
2021-03-23,639.8099975585938,656.6500244140625,636.8800048828125,645.4500122070312,645.4500122070312,1271500,CHTR
2021-03-24,647.4500122070312,657.8400268554688,642.8099975585938,651.5599975585938,651.5599975585938,1137300,CHTR
2021-03-25,652.030029296875,652.030029296875,631.02001953125,637.7899780273438,637.7899780273438,1024400,CHTR
2021-03-26,636.72998046875,639.030029296875,621.5599975585938,631.75,631.75,1275900,CHTR
2021-03-29,630.0,639.5900268554688,622.0599975585938,636.6799926757812,636.6799926757812,889200,CHTR
2021-03-30,636.1699829101562,640.8400268554688,628.3499755859375,632.6900024414062,632.6900024414062,650300,CHTR
2021-03-31,632.9000244140625,632.9099731445312,614.6900024414062,617.02001953125,617.02001953125,1328400,CHTR
2021-04-01,618.0,622.4099731445312,605.6599731445312,608.5800170898438,608.5800170898438,1648100,CHTR
2021-04-05,607.47998046875,611.1699829101562,600.1599731445312,605.5,605.5,1443100,CHTR
2021-04-06,603.4600219726562,616.989990234375,600.530029296875,613.3900146484375,613.3900146484375,874400,CHTR
2021-04-07,614.510009765625,616.3300170898438,607.8400268554688,611.6300048828125,611.6300048828125,644500,CHTR
2021-04-08,616.6500244140625,617.8499755859375,612.3200073242188,615.1599731445312,615.1599731445312,835000,CHTR
2021-04-09,606.3800048828125,615.969970703125,600.6799926757812,614.239990234375,614.239990234375,1040000,CHTR
2021-04-12,612.3400268554688,622.6400146484375,608.0700073242188,619.2999877929688,619.2999877929688,695600,CHTR
2021-04-13,615.219970703125,623.719970703125,614.5,621.2899780273438,621.2899780273438,736900,CHTR
2021-04-14,620.6199951171875,623.1699829101562,614.5499877929688,617.0999755859375,617.0999755859375,839300,CHTR
2021-04-15,622.989990234375,637.0999755859375,621.469970703125,636.0,636.0,911400,CHTR
2021-04-16,636.9099731445312,645.9500122070312,631.5900268554688,644.3699951171875,644.3699951171875,1043200,CHTR
2021-04-19,644.0,653.4199829101562,642.97998046875,644.4199829101562,644.4199829101562,898200,CHTR
2021-04-20,637.6599731445312,657.3499755859375,637.6599731445312,652.4600219726562,652.4600219726562,1019300,CHTR
2021-04-21,652.3699951171875,657.780029296875,648.1099853515625,652.9000244140625,652.9000244140625,666000,CHTR
2021-04-22,655.75,660.5999755859375,653.5999755859375,657.6799926757812,657.6799926757812,991100,CHTR
2021-04-23,660.219970703125,661.0,648.75,657.5399780273438,657.5399780273438,708400,CHTR
2021-04-26,655.3099975585938,659.0599975585938,650.1699829101562,652.5700073242188,652.5700073242188,630800,CHTR
2021-04-27,652.9099731445312,658.1900024414062,650.469970703125,653.52001953125,653.52001953125,491400,CHTR
2021-04-28,651.9299926757812,658.8200073242188,650.6300048828125,652.719970703125,652.719970703125,567300,CHTR
2021-04-29,658.2100219726562,675.4400024414062,656.3200073242188,669.969970703125,669.969970703125,1287600,CHTR
2021-04-30,654.0900268554688,683.0499877929688,636.5599975585938,673.4500122070312,673.4500122070312,1377500,CHTR
2021-05-03,679.0999755859375,684.7000122070312,673.9400024414062,677.3099975585938,677.3099975585938,796800,CHTR
2021-05-04,672.0,681.97998046875,670.6799926757812,672.8599853515625,672.8599853515625,831900,CHTR
2021-05-05,674.8900146484375,680.0,671.9299926757812,673.75,673.75,712400,CHTR
2021-05-06,677.5800170898438,682.8599853515625,672.8200073242188,675.7899780273438,675.7899780273438,559400,CHTR
2021-05-07,681.5700073242188,696.0,679.6900024414062,693.4400024414062,693.4400024414062,718900,CHTR
2021-05-10,696.4199829101562,704.0999755859375,692.6900024414062,694.719970703125,694.719970703125,1056000,CHTR
2021-05-11,694.530029296875,698.97998046875,684.260009765625,685.0900268554688,685.0900268554688,660600,CHTR
2021-05-12,675.3300170898438,686.1699829101562,675.25,681.97998046875,681.97998046875,1346000,CHTR
2021-05-13,686.0599975585938,694.969970703125,683.0499877929688,685.2999877929688,685.2999877929688,839900,CHTR
2021-05-14,691.1799926757812,712.4099731445312,685.1300048828125,710.4000244140625,710.4000244140625,1089900,CHTR
2021-05-17,708.9000244140625,709.9099731445312,676.530029296875,686.8499755859375,686.8499755859375,1097200,CHTR
2021-05-18,679.4600219726562,690.4500122070312,670.5900268554688,686.1099853515625,686.1099853515625,1515800,CHTR
2021-05-19,672.52001953125,680.6300048828125,669.5499877929688,679.6500244140625,679.6500244140625,793300,CHTR
2021-05-20,678.5700073242188,698.4000244140625,677.3300170898438,694.7100219726562,694.7100219726562,789100,CHTR
2021-05-21,691.5999755859375,699.1099853515625,688.1699829101562,692.52001953125,692.52001953125,761100,CHTR
2021-05-24,700.2899780273438,707.4400024414062,692.1300048828125,703.1300048828125,703.1300048828125,888000,CHTR
2021-05-25,702.1199951171875,706.219970703125,694.719970703125,695.510009765625,695.510009765625,838000,CHTR
2021-05-26,697.969970703125,701.5,688.3200073242188,693.5,693.5,895200,CHTR
2021-05-27,693.8900146484375,697.0999755859375,688.780029296875,692.4500122070312,692.4500122070312,1056900,CHTR
2021-05-28,698.9299926757812,701.9500122070312,692.3400268554688,694.530029296875,694.530029296875,563700,CHTR
2021-06-01,697.530029296875,699.5499877929688,686.9099731445312,688.8900146484375,688.8900146484375,623800,CHTR
2021-06-02,690.8200073242188,690.8200073242188,681.0,682.4500122070312,682.4500122070312,666500,CHTR
2021-06-03,679.0399780273438,680.4600219726562,670.239990234375,675.6400146484375,675.6400146484375,949800,CHTR
2021-06-04,677.1699829101562,685.280029296875,675.7899780273438,682.6500244140625,682.6500244140625,449700,CHTR
2021-06-07,679.1300048828125,686.0700073242188,677.9299926757812,680.5599975585938,680.5599975585938,600700,CHTR
2021-06-08,681.8599853515625,683.7999877929688,672.3099975585938,677.9099731445312,677.9099731445312,561500,CHTR
2021-06-09,679.9400024414062,683.4600219726562,675.02001953125,676.469970703125,676.469970703125,588600,CHTR
2021-06-10,676.7899780273438,689.260009765625,676.030029296875,682.9099731445312,682.9099731445312,986800,CHTR
2021-06-11,682.7999877929688,689.0999755859375,680.5900268554688,686.739990234375,686.739990234375,708400,CHTR
2021-06-14,687.22998046875,691.6099853515625,681.3599853515625,690.6099853515625,690.6099853515625,731600,CHTR
2021-06-15,691.8800048828125,695.1900024414062,686.760009765625,687.8300170898438,687.8300170898438,626600,CHTR
2021-06-16,690.780029296875,693.760009765625,676.0800170898438,682.0700073242188,682.0700073242188,812200,CHTR
2021-06-17,687.2999877929688,699.510009765625,684.219970703125,691.0499877929688,691.0499877929688,846900,CHTR
2021-06-18,685.5900268554688,691.3800048828125,678.0,685.5999755859375,685.5999755859375,1969300,CHTR
2021-06-21,688.9000244140625,696.2000122070312,683.6199951171875,694.8099975585938,694.8099975585938,1168600,CHTR
2021-06-22,694.6699829101562,709.75,692.1400146484375,706.989990234375,706.989990234375,786200,CHTR
2021-06-23,704.8400268554688,707.1500244140625,697.1099853515625,699.2899780273438,699.2899780273438,735000,CHTR
2021-06-24,702.8900146484375,713.3900146484375,700.2000122070312,711.5399780273438,711.5399780273438,668300,CHTR
2021-06-25,712.5900268554688,722.0999755859375,711.280029296875,721.2899780273438,721.2899780273438,1153000,CHTR
2021-06-28,723.260009765625,726.6599731445312,716.7100219726562,721.3599853515625,721.3599853515625,1014700,CHTR
2021-06-29,719.3400268554688,722.4000244140625,716.8499755859375,717.4600219726562,717.4600219726562,1135000,CHTR
2021-06-30,717.469970703125,723.4600219726562,715.75,721.4500122070312,721.4500122070312,897600,CHTR
2021-07-01,721.52001953125,727.969970703125,720.469970703125,721.7999877929688,721.7999877929688,834500,CHTR
2021-07-02,725.5599975585938,733.6199951171875,723.7100219726562,731.9199829101562,731.9199829101562,509900,CHTR
2021-07-06,729.9099731445312,735.9099731445312,721.760009765625,729.5399780273438,729.5399780273438,615000,CHTR
2021-07-07,733.0399780273438,743.510009765625,729.9099731445312,742.3699951171875,742.3699951171875,588600,CHTR
2021-07-08,736.2100219726562,749.3099975585938,736.2100219726562,743.5,743.5,739100,CHTR
2021-07-09,738.3099975585938,745.6799926757812,736.2100219726562,736.469970703125,736.469970703125,764700,CHTR
2021-07-12,727.52001953125,731.0,708.8800048828125,719.7999877929688,719.7999877929688,1213200,CHTR
2021-07-13,719.7899780273438,723.5999755859375,709.6799926757812,710.7000122070312,710.7000122070312,705900,CHTR
2021-07-14,713.3400268554688,714.9099731445312,700.6599731445312,701.3699951171875,701.3699951171875,960200,CHTR
2021-07-15,704.7100219726562,707.7899780273438,700.6199951171875,704.9299926757812,704.9299926757812,957900,CHTR
2021-07-16,707.1900024414062,717.2000122070312,703.8499755859375,709.989990234375,709.989990234375,566600,CHTR
2021-07-19,709.9400024414062,718.5599975585938,706.3900146484375,711.469970703125,711.469970703125,786300,CHTR
2021-07-20,715.9400024414062,726.6300048828125,712.4000244140625,718.760009765625,718.760009765625,798200,CHTR
2021-07-21,715.6199951171875,720.6699829101562,712.719970703125,718.4199829101562,718.4199829101562,581900,CHTR
2021-07-22,720.8300170898438,722.77001953125,713.27001953125,720.219970703125,720.219970703125,448800,CHTR
2021-07-23,720.5800170898438,729.0800170898438,717.22998046875,726.8099975585938,726.8099975585938,477900,CHTR
2021-07-26,725.7899780273438,731.6900024414062,722.2100219726562,729.6599731445312,729.6599731445312,461900,CHTR
2021-07-27,731.0499877929688,735.75,722.530029296875,726.75,726.75,649100,CHTR
2021-07-28,724.8300170898438,725.719970703125,716.4000244140625,722.260009765625,722.260009765625,553500,CHTR
2021-07-29,723.5700073242188,727.97998046875,711.3200073242188,713.7999877929688,713.7999877929688,847100,CHTR
2021-07-30,715.0900268554688,747.8699951171875,714.6699829101562,744.0499877929688,744.0499877929688,1374600,CHTR
2021-08-02,748.72998046875,751.9400024414062,738.75,749.8699951171875,749.8699951171875,727400,CHTR
2021-08-03,752.5,771.1099853515625,745.6699829101562,770.02001953125,770.02001953125,1064700,CHTR
2021-08-04,770.219970703125,771.8699951171875,763.0900268554688,770.0,770.0,1069300,CHTR
2021-08-05,774.989990234375,777.1500244140625,766.7999877929688,769.9099731445312,769.9099731445312,815500,CHTR
2021-08-06,763.3599853515625,775.5800170898438,762.1799926757812,770.0900268554688,770.0900268554688,670000,CHTR
2021-08-09,770.77001953125,771.6599731445312,762.5499877929688,765.5,765.5,545000,CHTR
2021-08-10,764.7100219726562,768.4400024414062,760.969970703125,766.5,766.5,587400,CHTR
2021-08-11,771.2000122070312,777.0,767.9199829101562,776.6500244140625,776.6500244140625,815700,CHTR
2021-08-12,777.0,779.280029296875,771.3300170898438,774.5700073242188,774.5700073242188,586500,CHTR
2021-08-13,774.97998046875,778.239990234375,770.7899780273438,771.7100219726562,771.7100219726562,463000,CHTR
2021-08-16,771.1599731445312,783.260009765625,769.4299926757812,782.5800170898438,782.5800170898438,729100,CHTR
2021-08-17,784.3400268554688,791.1900024414062,780.8300170898438,788.3699951171875,788.3699951171875,818100,CHTR
2021-08-18,785.1199951171875,793.030029296875,784.530029296875,785.469970703125,785.469970703125,898400,CHTR
2021-08-19,784.0,789.8200073242188,776.8300170898438,785.5399780273438,785.5399780273438,831000,CHTR
2021-08-20,786.9500122070312,799.6500244140625,784.489990234375,794.0900268554688,794.0900268554688,999500,CHTR
2021-08-23,791.8599853515625,802.3200073242188,791.7999877929688,797.510009765625,797.510009765625,917200,CHTR
2021-08-24,796.8400268554688,800.9099731445312,791.1699829101562,792.6400146484375,792.6400146484375,1055200,CHTR
2021-08-25,792.6400146484375,798.97998046875,787.5700073242188,796.6699829101562,796.6699829101562,822400,CHTR
2021-08-26,796.6699829101562,799.4000244140625,792.72998046875,797.4000244140625,797.4000244140625,628000,CHTR
2021-08-27,798.6400146484375,811.3300170898438,798.6400146484375,807.1799926757812,807.1799926757812,712900,CHTR
2021-08-30,808.7899780273438,816.1400146484375,803.8099975585938,814.2000122070312,814.2000122070312,673700,CHTR
2021-08-31,814.6699829101562,820.72998046875,810.6799926757812,816.6599731445312,816.6599731445312,1140100,CHTR
2021-09-01,818.7100219726562,823.989990234375,816.6500244140625,818.4400024414062,818.4400024414062,784900,CHTR
2021-09-02,823.0800170898438,825.6199951171875,817.530029296875,821.010009765625,821.010009765625,592700,CHTR
2021-09-03,812.3699951171875,820.0999755859375,809.8800048828125,811.3300170898438,811.3300170898438,817400,CHTR
2021-09-07,808.4500122070312,811.5,800.1799926757812,800.8300170898438,800.8300170898438,1097000,CHTR
2021-09-08,800.0,801.6199951171875,795.9400024414062,799.7899780273438,799.7899780273438,1120600,CHTR
2021-09-09,800.989990234375,804.4099731445312,784.1900024414062,785.4099731445312,785.4099731445312,968000,CHTR
2021-09-10,785.4400024414062,790.3699951171875,780.3599853515625,787.1199951171875,787.1199951171875,723000,CHTR
2021-09-13,794.5499877929688,804.7999877929688,787.510009765625,793.0700073242188,793.0700073242188,837900,CHTR
2021-09-14,797.4600219726562,801.3599853515625,757.280029296875,761.8599853515625,761.8599853515625,1485700,CHTR
2021-09-15,761.5,774.1199951171875,757.280029296875,765.2000122070312,765.2000122070312,873400,CHTR
2021-09-16,767.9099731445312,769.239990234375,758.6099853515625,765.239990234375,765.239990234375,895600,CHTR
2021-09-17,765.239990234375,769.3499755859375,757.239990234375,763.47998046875,763.47998046875,3404700,CHTR
2021-09-20,757.52001953125,765.530029296875,747.3599853515625,755.9000244140625,755.9000244140625,908200,CHTR
2021-09-21,758.6900024414062,760.25,744.989990234375,747.6300048828125,747.6300048828125,749100,CHTR
2021-09-22,752.5800170898438,760.9600219726562,748.8499755859375,751.5499877929688,751.5499877929688,595300,CHTR
2021-09-23,754.52001953125,762.8400268554688,738.6500244140625,741.9500122070312,741.9500122070312,1374000,CHTR
2021-09-24,737.219970703125,742.4600219726562,731.5800170898438,739.1699829101562,739.1699829101562,810600,CHTR
2021-09-27,735.3099975585938,741.3200073242188,732.4600219726562,734.4099731445312,734.4099731445312,742900,CHTR
2021-09-28,730.0,736.1799926757812,725.0,727.489990234375,727.489990234375,872800,CHTR
2021-09-29,729.52001953125,742.719970703125,729.4000244140625,733.1799926757812,733.1799926757812,728800,CHTR
2021-09-30,738.5900268554688,738.5900268554688,727.260009765625,727.5599975585938,727.5599975585938,863500,CHTR
2021-10-01,735.1099853515625,742.469970703125,730.3699951171875,738.0800170898438,738.0800170898438,742800,CHTR
2021-10-04,735.72998046875,745.8699951171875,733.2899780273438,740.9600219726562,740.9600219726562,595900,CHTR
2021-10-05,739.97998046875,750.9199829101562,739.97998046875,747.7899780273438,747.7899780273438,653400,CHTR
2021-10-06,742.1300048828125,747.780029296875,735.4000244140625,743.75,743.75,584000,CHTR
2021-10-07,747.1599731445312,753.6900024414062,740.7899780273438,741.9500122070312,741.9500122070312,538500,CHTR
2021-10-08,721.8200073242188,726.1900024414062,704.5700073242188,706.1300048828125,706.1300048828125,1268400,CHTR
2021-10-11,700.0,704.780029296875,693.4199829101562,695.22998046875,695.22998046875,895700,CHTR
2021-10-12,690.5999755859375,695.6699829101562,683.4400024414062,690.6199951171875,690.6199951171875,1112100,CHTR
2021-10-13,697.1300048828125,699.0,688.6099853515625,696.22998046875,696.22998046875,812000,CHTR
2021-10-14,702.8099975585938,708.1599731445312,700.4500122070312,703.6699829101562,703.6699829101562,778400,CHTR
2021-10-15,706.030029296875,707.8099975585938,694.5,699.030029296875,699.030029296875,738700,CHTR
2021-10-18,697.0599975585938,709.1199951171875,692.6400146484375,706.8800048828125,706.8800048828125,895300,CHTR
2021-10-19,711.4000244140625,720.8499755859375,709.1199951171875,717.9099731445312,717.9099731445312,677900,CHTR
2021-10-20,718.8400268554688,737.969970703125,717.3499755859375,734.010009765625,734.010009765625,843500,CHTR
2021-10-21,737.8099975585938,737.969970703125,723.4400024414062,735.6699829101562,735.6699829101562,652500,CHTR
2021-10-22,736.3300170898438,739.8599853515625,729.6500244140625,730.9299926757812,730.9299926757812,793300,CHTR
2021-10-25,731.8099975585938,732.0,719.1199951171875,731.010009765625,731.010009765625,567800,CHTR
2021-10-26,732.47998046875,735.8699951171875,724.4099731445312,728.22998046875,728.22998046875,499000,CHTR
2021-10-27,730.4000244140625,730.4000244140625,713.530029296875,714.510009765625,714.510009765625,880400,CHTR
2021-10-28,693.7999877929688,710.5499877929688,680.8499755859375,706.27001953125,706.27001953125,1179600,CHTR
2021-10-29,667.489990234375,687.3800048828125,660.0,674.8900146484375,674.8900146484375,2447600,CHTR
2021-11-01,675.0,677.7000122070312,665.3099975585938,671.3699951171875,671.3699951171875,1419100,CHTR
2021-11-02,670.3200073242188,686.5,670.27001953125,681.5,681.5,1122700,CHTR
2021-11-03,683.5,694.9400024414062,683.5,692.5399780273438,692.5399780273438,850900,CHTR
2021-11-04,691.780029296875,698.3499755859375,683.6599731445312,686.0700073242188,686.0700073242188,754200,CHTR
2021-11-05,693.4600219726562,704.0800170898438,688.9299926757812,689.3200073242188,689.3200073242188,802600,CHTR
2021-11-08,689.7100219726562,696.5599975585938,685.8900146484375,695.1799926757812,695.1799926757812,833800,CHTR
2021-11-09,698.2000122070312,705.0,691.9199829101562,696.3099975585938,696.3099975585938,599200,CHTR
2021-11-10,697.3599853515625,706.9299926757812,697.3599853515625,701.25,701.25,828000,CHTR
2021-11-11,702.239990234375,706.1699829101562,693.9600219726562,694.2100219726562,694.2100219726562,537200,CHTR
2021-11-12,695.9500122070312,697.9199829101562,689.1199951171875,689.3499755859375,689.3499755859375,730100,CHTR
2021-11-15,689.7100219726562,696.97998046875,689.7100219726562,692.9099731445312,692.9099731445312,732800,CHTR
2021-11-16,692.1099853515625,698.6300048828125,688.5700073242188,689.1799926757812,689.1799926757812,684000,CHTR
2021-11-17,689.1799926757812,703.6500244140625,689.1799926757812,691.0399780273438,691.0399780273438,832400,CHTR
2021-11-18,689.6300048828125,690.0800170898438,679.1099853515625,685.8800048828125,685.8800048828125,1100900,CHTR
2021-11-19,686.4500122070312,689.4199829101562,678.010009765625,682.3400268554688,682.3400268554688,776700,CHTR
2021-11-22,680.77001953125,689.3900146484375,668.030029296875,668.3200073242188,668.3200073242188,1250000,CHTR
2021-11-23,667.469970703125,679.3200073242188,666.9000244140625,674.739990234375,674.739990234375,1190100,CHTR
2021-11-24,672.469970703125,677.75,668.5,672.6900024414062,672.6900024414062,829200,CHTR
2021-11-26,663.2899780273438,681.8900146484375,661.5,672.8699951171875,672.8699951171875,753900,CHTR
2021-11-29,674.469970703125,675.510009765625,664.8499755859375,668.1900024414062,668.1900024414062,788400,CHTR
2021-11-30,668.52001953125,670.3900146484375,644.4199829101562,646.280029296875,646.280029296875,2119300,CHTR
2021-12-01,653.6699829101562,657.5700073242188,633.6900024414062,634.2000122070312,634.2000122070312,1082100,CHTR
2021-12-02,639.27001953125,675.52001953125,639.27001953125,670.4000244140625,670.4000244140625,1432500,CHTR
2021-12-03,675.0,681.7999877929688,669.510009765625,679.2999877929688,679.2999877929688,1336500,CHTR
2021-12-06,688.1099853515625,693.0900268554688,669.6900024414062,672.9500122070312,672.9500122070312,951700,CHTR
2021-12-07,677.8400268554688,678.719970703125,639.280029296875,650.5999755859375,650.5999755859375,2156200,CHTR
2021-12-08,650.3400268554688,652.3800048828125,630.1500244140625,642.0700073242188,642.0700073242188,1717300,CHTR
2021-12-09,632.989990234375,634.510009765625,606.5700073242188,611.969970703125,611.969970703125,2605300,CHTR
2021-12-10,616.3699951171875,620.02001953125,608.3900146484375,610.8900146484375,610.8900146484375,1519200,CHTR
2021-12-13,608.6400146484375,617.27001953125,600.3400268554688,605.5499877929688,605.5499877929688,1423600,CHTR
2021-12-14,600.0,629.9299926757812,599.3400268554688,621.8900146484375,621.8900146484375,1640600,CHTR
2021-12-15,616.72998046875,622.4000244140625,610.9299926757812,617.3200073242188,617.3200073242188,1985300,CHTR
2021-12-16,622.489990234375,638.1599731445312,617.2100219726562,631.5800170898438,631.5800170898438,1906400,CHTR
2021-12-17,632.8599853515625,650.2000122070312,629.6400146484375,650.0,650.0,4075500,CHTR
2021-12-20,646.77001953125,652.510009765625,643.0800170898438,646.760009765625,646.760009765625,1040700,CHTR
2021-12-21,651.6500244140625,652.9099731445312,640.3599853515625,644.3300170898438,644.3300170898438,1140800,CHTR
2021-12-22,644.8099975585938,645.1799926757812,636.7000122070312,639.7899780273438,639.7899780273438,577300,CHTR
2021-12-23,641.3400268554688,651.97998046875,641.010009765625,648.2999877929688,648.2999877929688,559700,CHTR
2021-12-27,651.8300170898438,654.0,644.1400146484375,652.3499755859375,652.3499755859375,435000,CHTR
2021-12-28,652.8200073242188,664.97998046875,652.8200073242188,655.7899780273438,655.7899780273438,450700,CHTR
2021-12-29,657.6300048828125,661.4600219726562,650.969970703125,656.280029296875,656.280029296875,533100,CHTR
2021-12-30,660.0999755859375,669.8699951171875,656.530029296875,657.22998046875,657.22998046875,562200,CHTR
2021-12-31,655.760009765625,660.4500122070312,650.6500244140625,651.969970703125,651.969970703125,789400,CHTR
2022-01-03,642.75,651.7999877929688,638.6799926757812,647.5800170898438,647.5800170898438,1047300,CHTR
2022-01-04,645.5,653.0900268554688,628.0700073242188,640.77001953125,640.77001953125,1282000,CHTR
2022-01-05,642.6900024414062,649.3200073242188,623.72998046875,624.8599853515625,624.8599853515625,1345500,CHTR
2022-01-06,621.22998046875,638.7999877929688,621.22998046875,631.9500122070312,631.9500122070312,1084700,CHTR
2022-01-07,630.8900146484375,630.8900146484375,609.7000122070312,610.489990234375,610.489990234375,1479700,CHTR
2022-01-10,610.489990234375,617.6199951171875,601.3300170898438,605.4299926757812,605.4299926757812,1841600,CHTR
2022-01-11,608.22998046875,613.3400268554688,604.510009765625,612.0999755859375,612.0999755859375,1284600,CHTR
2022-01-12,612.4099731445312,626.6400146484375,609.1500244140625,613.97998046875,613.97998046875,992200,CHTR
2022-01-13,618.030029296875,626.0700073242188,610.02001953125,619.0800170898438,619.0800170898438,1016500,CHTR
2022-01-14,618.1300048828125,619.4600219726562,600.5399780273438,607.6900024414062,607.6900024414062,1070600,CHTR
2022-01-18,593.3900146484375,597.27001953125,580.3800048828125,582.75,582.75,1342700,CHTR
2022-01-19,584.2899780273438,588.2000122070312,574.1699829101562,581.2999877929688,581.2999877929688,1021600,CHTR
2022-01-20,584.4000244140625,587.9400024414062,571.030029296875,572.1599731445312,572.1599731445312,1181000,CHTR
2022-01-21,574.8699951171875,579.75,568.8200073242188,569.6900024414062,569.6900024414062,1105700,CHTR
2022-01-24,580.1099853515625,580.6699829101562,562.4600219726562,577.1300048828125,577.1300048828125,1908000,CHTR
2022-01-25,570.219970703125,575.3800048828125,560.719970703125,563.5399780273438,563.5399780273438,1092600,CHTR
2022-01-26,563.97998046875,574.8599853515625,549.5900268554688,555.0,555.0,1638700,CHTR
2022-01-27,549.8499755859375,567.9000244140625,549.8499755859375,561.030029296875,561.030029296875,1560700,CHTR
2022-01-28,560.6199951171875,592.2000122070312,560.3699951171875,590.469970703125,590.469970703125,2600700,CHTR
2022-01-31,588.989990234375,595.1300048828125,584.5,593.3400268554688,593.3400268554688,1473300,CHTR
2022-02-01,590.72998046875,598.3300170898438,587.8800048828125,596.8900146484375,596.8900146484375,1253100,CHTR
2022-02-02,598.25,603.7100219726562,592.3400268554688,600.239990234375,600.239990234375,1074300,CHTR
2022-02-03,600.719970703125,621.0,596.0399780273438,610.4500122070312,610.4500122070312,2232200,CHTR
2022-02-04,599.969970703125,613.1799926757812,596.9500122070312,608.9199829101562,608.9199829101562,1389300,CHTR
2022-02-07,610.1199951171875,613.6300048828125,605.8499755859375,610.75,610.75,1359600,CHTR
2022-02-08,612.8800048828125,615.8400268554688,608.4000244140625,609.1199951171875,609.1199951171875,1227700,CHTR
2022-02-09,613.0,615.0,604.719970703125,614.75,614.75,1396200,CHTR
2022-02-10,607.1699829101562,613.0900268554688,604.02001953125,606.52001953125,606.52001953125,1514800,CHTR
2022-02-11,608.989990234375,614.5399780273438,602.510009765625,604.72998046875,604.72998046875,1517200,CHTR
2022-02-14,605.6900024414062,614.5,601.5800170898438,607.9400024414062,607.9400024414062,2480000,CHTR
2022-02-15,611.739990234375,615.5999755859375,607.8599853515625,609.4500122070312,609.4500122070312,2564500,CHTR
2022-02-16,606.8599853515625,612.52001953125,602.7000122070312,609.4600219726562,609.4600219726562,1388500,CHTR
2022-02-17,603.2000122070312,606.0399780273438,588.3900146484375,597.8300170898438,597.8300170898438,2109700,CHTR
2022-02-18,598.7899780273438,605.6199951171875,594.5700073242188,596.8300170898438,596.8300170898438,2786400,CHTR
2022-02-22,599.3400268554688,603.1500244140625,591.8800048828125,595.5,595.5,1986700,CHTR
2022-02-23,591.8699951171875,592.739990234375,569.3900146484375,570.5999755859375,570.5999755859375,2774500,CHTR
2022-02-24,572.5,586.9500122070312,566.0499877929688,586.5900268554688,586.5900268554688,4139700,CHTR
2022-02-25,587.9199829101562,602.02001953125,586.5399780273438,601.1599731445312,601.1599731445312,1847300,CHTR
2022-02-28,593.77001953125,605.4000244140625,593.719970703125,601.780029296875,601.780029296875,2272800,CHTR
2022-03-01,590.989990234375,603.1599731445312,589.469970703125,594.739990234375,594.739990234375,1578400,CHTR
2022-03-02,595.4000244140625,596.9400024414062,566.8599853515625,570.989990234375,570.989990234375,2305000,CHTR
2022-03-03,580.8400268554688,594.0800170898438,560.8800048828125,561.8200073242188,561.8200073242188,2018100,CHTR
2022-03-04,558.6900024414062,564.8699951171875,546.6199951171875,549.9299926757812,549.9299926757812,2349000,CHTR
2022-03-07,553.02001953125,566.3300170898438,545.3300170898438,555.6400146484375,555.6400146484375,1867200,CHTR
2022-03-08,556.9299926757812,565.8699951171875,550.3200073242188,551.4299926757812,551.4299926757812,1099900,CHTR
2022-03-09,562.1699829101562,568.0399780273438,555.5700073242188,557.75,557.75,1212200,CHTR
2022-03-10,550.2100219726562,567.5599975585938,546.9199829101562,562.1300048828125,562.1300048828125,1537700,CHTR
2022-03-11,569.780029296875,574.5399780273438,557.8099975585938,559.2899780273438,559.2899780273438,1788200,CHTR
2022-03-14,561.8200073242188,583.719970703125,560.6599731445312,566.1400146484375,566.1400146484375,1420600,CHTR
2022-03-15,570.6900024414062,579.0900268554688,566.2000122070312,569.1599731445312,569.1599731445312,1091600,CHTR
2022-03-16,570.4400024414062,573.7000122070312,556.030029296875,572.1099853515625,572.1099853515625,1553000,CHTR
2022-03-17,571.0800170898438,577.6500244140625,558.780029296875,577.6500244140625,577.6500244140625,1245200,CHTR
2022-03-18,572.4500122070312,578.0,562.1199951171875,577.3200073242188,577.3200073242188,2717500,CHTR
2022-03-21,573.9600219726562,577.6500244140625,562.5399780273438,565.77001953125,565.77001953125,1206700,CHTR
2022-03-22,569.4400024414062,577.1300048828125,566.010009765625,574.6599731445312,574.6599731445312,962200,CHTR
2022-03-23,573.280029296875,576.1099853515625,559.2999877929688,559.989990234375,559.989990234375,1094200,CHTR
2022-03-24,564.739990234375,571.52001953125,557.5599975585938,559.3200073242188,559.3200073242188,1365700,CHTR
2022-03-25,560.0900268554688,564.0499877929688,544.5900268554688,558.260009765625,558.260009765625,1754100,CHTR
2022-03-28,557.469970703125,565.3099975585938,554.3300170898438,565.25,565.25,985400,CHTR
2022-03-29,564.4199829101562,574.2100219726562,564.4199829101562,572.3300170898438,572.3300170898438,1074500,CHTR
2022-03-30,571.3599853515625,573.1300048828125,564.0399780273438,570.1199951171875,570.1199951171875,881600,CHTR
2022-03-31,571.760009765625,571.760009765625,545.4600219726562,545.52001953125,545.52001953125,1929800,CHTR
2022-04-01,549.1099853515625,561.9600219726562,545.010009765625,561.6799926757812,561.6799926757812,1159100,CHTR
2022-04-04,559.3800048828125,574.6500244140625,557.1199951171875,562.0,562.0,867600,CHTR
2022-04-05,557.3499755859375,568.9400024414062,554.0399780273438,556.7899780273438,556.7899780273438,986800,CHTR
2022-04-06,556.7899780273438,568.0,553.4099731445312,561.260009765625,561.260009765625,1172200,CHTR
2022-04-07,560.6500244140625,561.260009765625,542.8200073242188,552.47998046875,552.47998046875,1118200,CHTR
2022-04-08,551.9600219726562,559.3400268554688,543.2000122070312,557.5999755859375,557.5999755859375,1187100,CHTR
2022-04-11,560.3800048828125,572.0800170898438,557.030029296875,559.9099731445312,559.9099731445312,1175900,CHTR
2022-04-12,564.989990234375,570.02001953125,548.5499877929688,549.1199951171875,549.1199951171875,1819800,CHTR
2022-04-13,549.9600219726562,563.510009765625,547.0599975585938,562.4000244140625,562.4000244140625,1097700,CHTR
2022-04-14,564.5399780273438,567.0700073242188,553.1199951171875,555.3200073242188,555.3200073242188,1023500,CHTR
2022-04-18,552.75,556.9199829101562,533.25,533.47998046875,533.47998046875,1442600,CHTR
2022-04-19,535.6199951171875,560.8400268554688,535.6199951171875,557.75,557.75,1208800,CHTR
2022-04-20,555.6900024414062,555.6900024414062,535.1699829101562,535.9600219726562,535.9600219726562,1540300,CHTR
2022-04-21,537.4199829101562,541.75,517.8099975585938,519.030029296875,519.030029296875,1577800,CHTR
2022-04-22,517.719970703125,518.5700073242188,505.1499938964844,511.3699951171875,511.3699951171875,1742200,CHTR
2022-04-25,513.4600219726562,517.6599731445312,496.760009765625,506.9700012207031,506.9700012207031,1381300,CHTR
2022-04-26,503.0799865722656,503.0799865722656,486.3500061035156,486.95001220703125,486.95001220703125,1352900,CHTR
2022-04-27,485.5,492.25,479.45001220703125,482.010009765625,482.010009765625,1497700,CHTR
2022-04-28,481.19000244140625,481.69000244140625,449.5899963378906,461.489990234375,461.489990234375,3207100,CHTR
2022-04-29,449.8900146484375,457.70001220703125,415.010009765625,428.489990234375,428.489990234375,4820200,CHTR
2022-05-02,431.489990234375,435.92999267578125,419.8299865722656,432.5400085449219,432.5400085449219,1686000,CHTR
2022-05-03,424.1499938964844,431.239990234375,410.3299865722656,425.6199951171875,425.6199951171875,2136000,CHTR
2022-05-04,426.510009765625,450.7799987792969,422.44000244140625,448.3399963378906,448.3399963378906,1977800,CHTR
2022-05-05,444.7900085449219,462.92999267578125,444.7900085449219,456.20001220703125,456.20001220703125,2223300,CHTR
2022-05-06,454.2099914550781,471.2900085449219,452.3900146484375,459.7699890136719,459.7699890136719,2560800,CHTR
2022-05-09,456.2300109863281,478.0299987792969,455.9800109863281,463.6700134277344,463.6700134277344,2426200,CHTR
2022-05-10,472.94000244140625,481.7900085449219,462.20001220703125,468.2300109863281,468.2300109863281,1979400,CHTR
2022-05-11,465.94000244140625,476.6499938964844,447.3500061035156,448.3500061035156,448.3500061035156,1679400,CHTR
2022-05-12,449.3299865722656,466.7699890136719,443.17999267578125,465.260009765625,465.260009765625,1649600,CHTR
2022-05-13,459.4599914550781,475.8699951171875,458.69000244140625,471.3900146484375,471.3900146484375,1456800,CHTR
2022-05-16,469.3699951171875,472.5799865722656,456.0,463.3399963378906,463.3399963378906,1153600,CHTR
2022-05-17,468.989990234375,474.1400146484375,457.5,472.1300048828125,472.1300048828125,1183100,CHTR
2022-05-18,469.9800109863281,480.8299865722656,463.32000732421875,469.5,469.5,1574400,CHTR
2022-05-19,469.1499938964844,479.3999938964844,465.8800048828125,474.57000732421875,474.57000732421875,1136500,CHTR
2022-05-20,480.32000732421875,485.70001220703125,468.7900085449219,479.0299987792969,479.0299987792969,1290800,CHTR
2022-05-23,482.6499938964844,484.0,468.8599853515625,473.6700134277344,473.6700134277344,895300,CHTR
2022-05-24,471.6400146484375,479.6000061035156,468.010009765625,479.0199890136719,479.0199890136719,940300,CHTR
2022-05-25,482.1400146484375,489.9800109863281,476.8500061035156,487.6099853515625,487.6099853515625,877600,CHTR
2022-05-26,489.1199951171875,508.8599853515625,489.1199951171875,502.8399963378906,502.8399963378906,1145300,CHTR
2022-05-27,503.19000244140625,515.6599731445312,503.19000244140625,509.94000244140625,509.94000244140625,1063300,CHTR
2022-05-31,507.8599853515625,513.280029296875,501.1600036621094,506.92999267578125,506.92999267578125,1265300,CHTR
2022-06-01,508.3299865722656,514.2100219726562,492.0400085449219,495.3800048828125,495.3800048828125,1087400,CHTR
2022-06-02,496.67999267578125,499.1000061035156,490.8399963378906,498.2200012207031,498.2200012207031,889800,CHTR
2022-06-03,496.7900085449219,496.7900085449219,489.5,491.07000732421875,491.07000732421875,1104200,CHTR
2022-06-06,493.1600036621094,498.05999755859375,483.69000244140625,484.7200012207031,484.7200012207031,1206500,CHTR
2022-06-07,480.0799865722656,484.5,470.1700134277344,482.54998779296875,482.54998779296875,1266300,CHTR
2022-06-08,485.6400146484375,493.1099853515625,481.32000732421875,487.95001220703125,487.95001220703125,881000,CHTR
2022-06-09,489.510009765625,492.6400146484375,482.0400085449219,482.260009765625,482.260009765625,976000,CHTR
2022-06-10,474.3500061035156,481.0199890136719,470.010009765625,474.19000244140625,474.19000244140625,927700,CHTR
2022-06-13,467.2300109863281,468.9800109863281,452.2300109863281,454.4700012207031,454.4700012207031,1429700,CHTR
2022-06-14,456.9200134277344,463.1199951171875,447.94000244140625,451.9700012207031,451.9700012207031,1101800,CHTR
2022-06-15,457.6499938964844,460.2300109863281,429.9100036621094,449.0,449.0,2834100,CHTR
2022-06-16,439.9800109863281,440.7900085449219,407.75,415.3500061035156,415.3500061035156,2880100,CHTR
2022-06-17,415.0199890136719,443.32000732421875,415.0199890136719,441.9599914550781,441.9599914550781,3563000,CHTR
2022-06-21,444.0199890136719,447.92999267578125,435.7200012207031,437.4700012207031,437.4700012207031,1727100,CHTR
2022-06-22,435.5199890136719,453.29998779296875,434.0400085449219,448.239990234375,448.239990234375,1237000,CHTR
2022-06-23,446.1600036621094,456.5799865722656,446.1600036621094,455.1300048828125,455.1300048828125,822300,CHTR
2022-06-24,454.7699890136719,465.2200012207031,454.32000732421875,463.1199951171875,463.1199951171875,1093900,CHTR
2022-06-27,463.1199951171875,467.7699890136719,458.70001220703125,464.3599853515625,464.3599853515625,710800,CHTR
2022-06-28,468.4100036621094,474.5,456.4800109863281,457.0299987792969,457.0299987792969,819600,CHTR
2022-06-29,454.5299987792969,464.6700134277344,454.0899963378906,463.8399963378906,463.8399963378906,819000,CHTR
2022-06-30,461.8599853515625,471.57000732421875,457.44000244140625,468.5299987792969,468.5299987792969,1215500,CHTR
2022-07-01,465.45001220703125,483.20001220703125,463.7200012207031,480.9200134277344,480.9200134277344,887800,CHTR
2022-07-05,473.5299987792969,481.75,467.3900146484375,481.2200012207031,481.2200012207031,713300,CHTR
2022-07-06,480.0799865722656,484.30999755859375,468.3599853515625,471.6400146484375,471.6400146484375,1014300,CHTR
2022-07-07,471.0,473.2699890136719,457.8500061035156,465.3999938964844,465.3999938964844,1213600,CHTR
2022-07-08,465.79998779296875,469.19000244140625,460.3500061035156,463.54998779296875,463.54998779296875,859800,CHTR
2022-07-11,462.4700012207031,462.54998779296875,450.67999267578125,453.3900146484375,453.3900146484375,953100,CHTR
2022-07-12,455.989990234375,476.45001220703125,453.6300048828125,468.1000061035156,468.1000061035156,1207100,CHTR
2022-07-13,457.95001220703125,470.67999267578125,457.95001220703125,465.6400146484375,465.6400146484375,708700,CHTR
2022-07-14,460.6499938964844,469.5799865722656,456.92999267578125,468.75,468.75,1705000,CHTR
2022-07-15,474.5799865722656,480.4200134277344,473.1099853515625,476.6000061035156,476.6000061035156,859900,CHTR
2022-07-18,475.0899963378906,482.8999938964844,472.9700012207031,474.010009765625,474.010009765625,902800,CHTR
2022-07-19,479.2699890136719,485.0199890136719,472.70001220703125,482.95001220703125,482.95001220703125,771500,CHTR
2022-07-20,486.3299865722656,486.94000244140625,478.9599914550781,483.20001220703125,483.20001220703125,560300,CHTR
2022-07-21,480.54998779296875,496.3699951171875,469.7200012207031,492.739990234375,492.739990234375,1820700,CHTR
2022-07-22,491.760009765625,493.2799987792969,480.54998779296875,485.70001220703125,485.70001220703125,1204800,CHTR
2022-07-25,489.7699890136719,489.94000244140625,472.3399963378906,478.9800109863281,478.9800109863281,811100,CHTR
2022-07-26,479.0199890136719,482.69000244140625,474.17999267578125,479.010009765625,479.010009765625,774100,CHTR
2022-07-27,478.2699890136719,482.8399963378906,466.67999267578125,475.94000244140625,475.94000244140625,1339200,CHTR
2022-07-28,443.5799865722656,452.29998779296875,430.1600036621094,435.5799865722656,435.5799865722656,3177500,CHTR
2022-07-29,434.010009765625,444.07000732421875,425.0,432.1000061035156,432.1000061035156,2282900,CHTR
2022-08-01,424.54998779296875,434.29998779296875,421.1600036621094,426.55999755859375,426.55999755859375,1379400,CHTR
2022-08-02,428.6700134277344,442.7799987792969,425.3999938964844,437.6499938964844,437.6499938964844,1496200,CHTR
2022-08-03,438.0,461.8299865722656,434.6700134277344,452.17999267578125,452.17999267578125,2188600,CHTR
2022-08-04,451.75,469.989990234375,450.3699951171875,459.45001220703125,459.45001220703125,1115400,CHTR
2022-08-05,455.25,464.7799987792969,450.6499938964844,462.9800109863281,462.9800109863281,828900,CHTR
2022-08-08,469.010009765625,478.8900146484375,462.67999267578125,464.04998779296875,464.04998779296875,891300,CHTR
2022-08-09,461.0199890136719,461.05999755859375,449.6199951171875,452.5,452.5,1030200,CHTR
2022-08-10,460.4700012207031,467.1000061035156,454.9200134277344,462.69000244140625,462.69000244140625,1115200,CHTR
2022-08-11,466.2300109863281,473.8399963378906,461.489990234375,466.19000244140625,466.19000244140625,922300,CHTR
2022-08-12,472.80999755859375,479.1000061035156,469.0299987792969,478.1199951171875,478.1199951171875,821500,CHTR
2022-08-15,470.0,483.5299987792969,468.7699890136719,480.9200134277344,480.9200134277344,883400,CHTR
2022-08-16,480.0,484.2699890136719,475.6199951171875,482.8299865722656,482.8299865722656,1041000,CHTR
2022-08-17,479.3399963378906,479.3399963378906,463.54998779296875,465.2799987792969,465.2799987792969,943700,CHTR
2022-08-18,465.0,467.9200134277344,456.2699890136719,458.07000732421875,458.07000732421875,744600,CHTR
2022-08-19,452.5799865722656,457.9800109863281,449.82000732421875,454.4599914550781,454.4599914550781,837400,CHTR
2022-08-22,452.8299865722656,457.30999755859375,437.4100036621094,438.510009765625,438.510009765625,902200,CHTR
2022-08-23,437.6400146484375,440.25,428.8999938964844,432.05999755859375,432.05999755859375,1091100,CHTR
2022-08-24,434.0400085449219,438.6499938964844,428.8399963378906,429.17999267578125,429.17999267578125,1248400,CHTR
2022-08-25,428.6700134277344,438.8999938964844,426.2099914550781,438.5400085449219,438.5400085449219,938700,CHTR
2022-08-26,437.8800048828125,446.010009765625,425.3500061035156,425.7699890136719,425.7699890136719,1188700,CHTR
2022-08-29,423.3900146484375,429.67999267578125,417.5199890136719,418.29998779296875,418.29998779296875,940800,CHTR
2022-08-30,422.2099914550781,422.2300109863281,409.25,409.510009765625,409.510009765625,1454000,CHTR
2022-08-31,414.5299987792969,420.3399963378906,411.2799987792969,412.6300048828125,412.6300048828125,1420300,CHTR
2022-09-01,412.5199890136719,420.4599914550781,410.260009765625,420.3299865722656,420.3299865722656,2046300,CHTR
2022-09-02,420.3299865722656,422.0199890136719,405.3500061035156,407.1400146484375,407.1400146484375,854100,CHTR
2022-09-06,406.3299865722656,410.3999938964844,394.67999267578125,397.0,397.0,1056300,CHTR
2022-09-07,398.3299865722656,405.4800109863281,397.1000061035156,402.54998779296875,402.54998779296875,1211100,CHTR
2022-09-08,398.8500061035156,402.7900085449219,391.80999755859375,395.9100036621094,395.9100036621094,1239200,CHTR
2022-09-09,400.3500061035156,408.0899963378906,399.54998779296875,405.9100036621094,405.9100036621094,1101100,CHTR
2022-09-12,409.989990234375,413.70001220703125,405.07000732421875,406.45001220703125,406.45001220703125,980200,CHTR
2022-09-13,395.989990234375,401.8500061035156,386.2699890136719,386.8900146484375,386.8900146484375,1296000,CHTR
2022-09-14,387.79998779296875,388.3599853515625,377.9200134277344,385.1099853515625,385.1099853515625,1592000,CHTR
2022-09-15,384.05999755859375,387.67999267578125,373.92999267578125,376.0,376.0,2230400,CHTR
2022-09-16,375.4599914550781,381.44000244140625,371.6099853515625,377.5799865722656,377.5799865722656,2463300,CHTR
2022-09-19,374.7699890136719,377.54998779296875,365.5799865722656,372.1300048828125,372.1300048828125,1913000,CHTR
2022-09-20,367.0400085449219,371.5199890136719,361.29998779296875,362.94000244140625,362.94000244140625,1632000,CHTR
2022-09-21,365.2099914550781,365.3800048828125,352.7900085449219,353.0299987792969,353.0299987792969,1206300,CHTR
2022-09-22,352.0299987792969,352.92999267578125,331.5400085449219,333.9599914550781,333.9599914550781,2062300,CHTR
2022-09-23,330.9800109863281,334.1400146484375,318.5299987792969,321.6600036621094,321.6600036621094,1917200,CHTR
2022-09-26,321.44000244140625,324.739990234375,305.3699951171875,306.20001220703125,306.20001220703125,2062900,CHTR
2022-09-27,312.1300048828125,315.82000732421875,305.30999755859375,306.8900146484375,306.8900146484375,1789700,CHTR
2022-09-28,311.7799987792969,324.7099914550781,309.20001220703125,321.0799865722656,321.0799865722656,1981800,CHTR
2022-09-29,319.17999267578125,320.489990234375,310.44000244140625,312.5899963378906,312.5899963378906,1520200,CHTR
2022-09-30,315.25,315.79998779296875,302.94000244140625,303.3500061035156,303.3500061035156,2251900,CHTR
2022-10-03,307.989990234375,321.1499938964844,304.1700134277344,320.2699890136719,320.2699890136719,2115300,CHTR
2022-10-04,323.510009765625,330.6000061035156,321.0,328.5400085449219,328.5400085449219,2318200,CHTR
2022-10-05,324.4200134277344,332.0199890136719,319.6300048828125,329.2799987792969,329.2799987792969,1838700,CHTR
2022-10-06,327.3699951171875,330.4800109863281,321.239990234375,323.95001220703125,323.95001220703125,1311100,CHTR
2022-10-07,321.260009765625,323.45001220703125,311.3599853515625,312.5299987792969,312.5299987792969,1117000,CHTR
2022-10-10,314.4599914550781,320.6099853515625,311.8399963378906,318.29998779296875,318.29998779296875,1216900,CHTR
2022-10-11,318.17999267578125,320.510009765625,307.4200134277344,308.44000244140625,308.44000244140625,1293200,CHTR
2022-10-12,307.30999755859375,310.5299987792969,302.7699890136719,306.30999755859375,306.30999755859375,1146000,CHTR
2022-10-13,299.20001220703125,326.760009765625,297.6600036621094,325.94000244140625,325.94000244140625,1999700,CHTR
2022-10-14,328.95001220703125,331.95001220703125,321.75,323.30999755859375,323.30999755859375,1743900,CHTR
2022-10-17,328.2799987792969,335.8599853515625,324.82000732421875,331.69000244140625,331.69000244140625,1498900,CHTR
2022-10-18,337.6600036621094,343.82000732421875,326.8599853515625,328.8699951171875,328.8699951171875,1017500,CHTR
2022-10-19,329.1400146484375,330.94000244140625,320.44000244140625,324.6499938964844,324.6499938964844,1442000,CHTR
2022-10-20,325.6600036621094,331.70001220703125,323.1300048828125,328.1199951171875,328.1199951171875,1282300,CHTR
2022-10-21,327.2799987792969,330.760009765625,322.6700134277344,330.3999938964844,330.3999938964844,1886900,CHTR
2022-10-24,330.8500061035156,338.760009765625,330.8500061035156,337.07000732421875,337.07000732421875,2126000,CHTR
2022-10-25,338.8800048828125,348.3399963378906,337.8299865722656,346.7099914550781,346.7099914550781,1405300,CHTR
2022-10-26,350.79998779296875,354.5199890136719,344.25,344.8699951171875,344.8699951171875,1179300,CHTR
2022-10-27,354.04998779296875,367.8699951171875,353.510009765625,355.260009765625,355.260009765625,2018400,CHTR
2022-10-28,353.0,376.9599914550781,337.1300048828125,368.239990234375,368.239990234375,2345400,CHTR
2022-10-31,363.3900146484375,371.82000732421875,357.5,367.6199951171875,367.6199951171875,1577700,CHTR
2022-11-01,374.1300048828125,379.6700134277344,356.0,357.0,357.0,2530400,CHTR
2022-11-02,354.1099853515625,358.5199890136719,346.05999755859375,347.25,347.25,1431600,CHTR
2022-11-03,344.07000732421875,345.7200012207031,335.25,344.25,344.25,1190500,CHTR
2022-11-04,350.3999938964844,352.80999755859375,342.3800048828125,348.82000732421875,348.82000732421875,1221900,CHTR
2022-11-07,349.3299865722656,354.260009765625,343.6700134277344,353.2799987792969,353.2799987792969,1085200,CHTR
2022-11-08,353.0899963378906,359.6499938964844,348.4100036621094,354.6600036621094,354.6600036621094,941200,CHTR
2022-11-09,352.0799865722656,354.20001220703125,348.010009765625,349.8800048828125,349.8800048828125,1197700,CHTR
2022-11-10,366.6499938964844,374.3399963378906,362.79998779296875,373.1600036621094,373.1600036621094,1539300,CHTR
2022-11-11,377.55999755859375,398.07000732421875,371.95001220703125,394.3999938964844,394.3999938964844,1589400,CHTR
2022-11-14,392.55999755859375,395.80999755859375,387.3999938964844,387.80999755859375,387.80999755859375,1040100,CHTR
2022-11-15,396.9800109863281,403.489990234375,388.239990234375,392.0899963378906,392.0899963378906,887200,CHTR
2022-11-16,393.0400085449219,394.95001220703125,385.3999938964844,388.9100036621094,388.9100036621094,798500,CHTR
2022-11-17,386.1000061035156,388.0,380.1099853515625,384.2900085449219,384.2900085449219,1120600,CHTR
2022-11-18,385.510009765625,388.5799865722656,370.3500061035156,374.3800048828125,374.3800048828125,1115600,CHTR
2022-11-21,376.6000061035156,376.6000061035156,364.29998779296875,369.0,369.0,1377200,CHTR
2022-11-22,371.7799987792969,387.5199890136719,369.3500061035156,385.54998779296875,385.54998779296875,1445700,CHTR
2022-11-23,384.92999267578125,393.8699951171875,384.45001220703125,390.2300109863281,390.2300109863281,1125500,CHTR
2022-11-25,393.05999755859375,394.3999938964844,387.760009765625,390.1099853515625,390.1099853515625,444900,CHTR
2022-11-28,385.0299987792969,388.6199951171875,382.1600036621094,384.4700012207031,384.4700012207031,805500,CHTR
2022-11-29,382.92999267578125,387.0299987792969,382.92999267578125,385.2799987792969,385.2799987792969,670500,CHTR
2022-11-30,384.0,393.6700134277344,372.57000732421875,391.2900085449219,391.2900085449219,2352800,CHTR
2022-12-01,389.29998779296875,395.7699890136719,384.3399963378906,389.1600036621094,389.1600036621094,1355000,CHTR
2022-12-02,381.20001220703125,393.29998779296875,378.4100036621094,392.69000244140625,392.69000244140625,939900,CHTR
2022-12-05,389.9100036621094,394.9700012207031,386.4200134277344,387.7900085449219,387.7900085449219,1509100,CHTR
2022-12-06,385.7300109863281,385.7300109863281,366.94000244140625,371.1700134277344,371.1700134277344,1265200,CHTR
2022-12-07,370.55999755859375,377.9800109863281,368.04998779296875,374.8900146484375,374.8900146484375,836200,CHTR
2022-12-08,375.0,379.79998779296875,371.0400085449219,374.30999755859375,374.30999755859375,822000,CHTR
2022-12-09,371.1199951171875,383.5199890136719,369.7300109863281,380.57000732421875,380.57000732421875,1104800,CHTR
2022-12-12,382.0199890136719,385.75,374.5299987792969,384.3999938964844,384.3999938964844,1369900,CHTR
2022-12-13,401.1700134277344,402.8999938964844,383.9800109863281,392.67999267578125,392.67999267578125,1593600,CHTR
2022-12-14,343.07000732421875,350.80999755859375,326.6400146484375,328.3399963378906,328.3399963378906,5720000,CHTR
2022-12-15,325.0,333.79998779296875,312.7699890136719,313.42999267578125,313.42999267578125,3138300,CHTR
2022-12-16,309.0,313.989990234375,303.54998779296875,304.9599914550781,304.9599914550781,3718500,CHTR
2022-12-19,304.6600036621094,311.3299865722656,302.2099914550781,306.1600036621094,306.1600036621094,1543800,CHTR
2022-12-20,305.75,311.6700134277344,302.44000244140625,309.2900085449219,309.2900085449219,1461500,CHTR
2022-12-21,311.010009765625,322.3999938964844,309.6700134277344,321.3399963378906,321.3399963378906,2002400,CHTR
2022-12-22,317.6000061035156,324.4800109863281,315.69000244140625,323.8800048828125,323.8800048828125,1671300,CHTR
2022-12-23,327.55999755859375,333.95001220703125,324.739990234375,333.9200134277344,333.9200134277344,1377200,CHTR
2022-12-27,336.8500061035156,339.510009765625,331.6300048828125,332.7900085449219,332.7900085449219,1373800,CHTR
2022-12-28,332.0,335.8900146484375,330.0,332.3399963378906,332.3399963378906,1053000,CHTR
2022-12-29,336.5799865722656,342.1099853515625,333.79998779296875,338.94000244140625,338.94000244140625,1289700,CHTR
2022-12-30,336.29998779296875,339.8699951171875,334.9800109863281,339.1000061035156,339.1000061035156,1201500,CHTR
2023-01-03,342.05999755859375,345.5299987792969,337.17999267578125,341.5799865722656,341.5799865722656,1524100,CHTR
2023-01-04,347.010009765625,355.92999267578125,345.2099914550781,354.0,354.0,1643200,CHTR
2023-01-05,362.3999938964844,365.8800048828125,355.3699951171875,361.42999267578125,361.42999267578125,1490400,CHTR
2023-01-06,367.07000732421875,370.2900085449219,360.7900085449219,367.7300109863281,367.7300109863281,1086000,CHTR
2023-01-09,365.0,369.0799865722656,363.5400085449219,367.17999267578125,367.17999267578125,1073500,CHTR
2023-01-10,367.17999267578125,374.6400146484375,366.69000244140625,374.6400146484375,374.6400146484375,1114800,CHTR
2023-01-11,377.29998779296875,379.69000244140625,372.2200012207031,378.42999267578125,378.42999267578125,848600,CHTR
2023-01-12,380.6099853515625,388.57000732421875,377.760009765625,385.4700012207031,385.4700012207031,1207700,CHTR
2023-01-13,383.9700012207031,389.9599914550781,383.6700134277344,388.4700012207031,388.4700012207031,780700,CHTR
2023-01-17,385.8900146484375,390.9800109863281,383.7699890136719,388.3500061035156,388.3500061035156,908000,CHTR
2023-01-18,386.29998779296875,390.9800109863281,381.25,381.8599853515625,381.8599853515625,1166200,CHTR
2023-01-19,379.0899963378906,385.010009765625,373.8500061035156,384.20001220703125,384.20001220703125,1317200,CHTR
2023-01-20,382.79998779296875,400.1499938964844,382.44000244140625,396.1099853515625,396.1099853515625,1999900,CHTR
2023-01-23,397.17999267578125,400.95001220703125,390.6400146484375,396.010009765625,396.010009765625,1551600,CHTR
2023-01-24,395.0,398.25,390.8800048828125,392.0299987792969,392.0299987792969,1206600,CHTR
2023-01-25,390.70001220703125,406.1000061035156,387.0299987792969,403.760009765625,403.760009765625,1190200,CHTR
2023-01-26,401.42999267578125,412.6499938964844,401.4200134277344,410.3900146484375,410.3900146484375,1843000,CHTR
2023-01-27,405.0,410.94000244140625,393.92999267578125,394.4100036621094,394.4100036621094,2662100,CHTR
2023-01-30,392.0199890136719,395.760009765625,387.8500061035156,390.94000244140625,390.94000244140625,1364500,CHTR
2023-01-31,390.2300109863281,393.010009765625,381.94000244140625,384.30999755859375,384.30999755859375,1731694,CHTR
