Datetime,Open,High,Low,Close,Adj Close,Volume
2023-03-06 09:30:00-05:00,144.3300018310547,144.3300018310547,144.3300018310547,144.3300018310547,144.3300018310547,3783
2023-03-06 09:31:00-05:00,144.39999389648438,144.47999572753906,144.39999389648438,144.47999572753906,144.47999572753906,404
2023-03-06 09:32:00-05:00,144.5,144.5,144.5,144.5,144.5,167
2023-03-06 09:33:00-05:00,144.66000366210938,144.72000122070312,144.66000366210938,144.72000122070312,144.72000122070312,322
2023-03-06 09:34:00-05:00,144.61239624023438,144.61239624023438,144.61239624023438,144.61239624023438,144.61239624023438,138
2023-03-06 09:35:00-05:00,144.61500549316406,144.6199951171875,144.3000030517578,144.3000030517578,144.3000030517578,2798
2023-03-06 09:36:00-05:00,144.11000061035156,144.4600067138672,144.11000061035156,144.4600067138672,144.4600067138672,224
2023-03-06 09:37:00-05:00,144.1750030517578,144.28199768066406,144.1750030517578,144.28199768066406,144.28199768066406,720
2023-03-06 09:39:00-05:00,144.32000732421875,144.32000732421875,144.22000122070312,144.22000122070312,144.22000122070312,253
2023-03-06 09:41:00-05:00,144.1999969482422,144.1999969482422,144.1999969482422,144.1999969482422,144.1999969482422,296
2023-03-06 09:42:00-05:00,144.11000061035156,144.2899932861328,144.11000061035156,144.2899932861328,144.2899932861328,1326
2023-03-06 09:43:00-05:00,144.10079956054688,144.1009979248047,144.10079956054688,144.10079956054688,144.10079956054688,749
2023-03-06 09:45:00-05:00,144.49000549316406,144.49000549316406,144.49000549316406,144.49000549316406,144.49000549316406,459
2023-03-06 09:46:00-05:00,144.31500244140625,144.31500244140625,144.31500244140625,144.31500244140625,144.31500244140625,400
2023-03-06 09:49:00-05:00,144.38999938964844,144.38999938964844,144.3800048828125,144.3800048828125,144.3800048828125,440
2023-03-06 09:50:00-05:00,144.22999572753906,144.22999572753906,144.22999572753906,144.22999572753906,144.22999572753906,592
2023-03-06 09:53:00-05:00,144.42999267578125,144.43499755859375,144.42999267578125,144.43499755859375,144.43499755859375,399
2023-03-06 09:54:00-05:00,144.44500732421875,144.44500732421875,144.44500732421875,144.44500732421875,144.44500732421875,112
2023-03-06 09:55:00-05:00,144.5500030517578,144.5500030517578,144.5500030517578,144.5500030517578,144.5500030517578,148
2023-03-06 09:56:00-05:00,144.5500030517578,144.5500030517578,144.5500030517578,144.5500030517578,144.5500030517578,278
2023-03-06 09:57:00-05:00,144.52999877929688,144.52999877929688,144.52999877929688,144.52999877929688,144.52999877929688,489
2023-03-06 09:59:00-05:00,144.55999755859375,144.5749969482422,144.55999755859375,144.5749969482422,144.5749969482422,653
2023-03-06 10:00:00-05:00,144.71499633789062,144.71499633789062,144.66000366210938,144.66000366210938,144.66000366210938,340
2023-03-06 10:01:00-05:00,144.5399932861328,144.55999755859375,144.25999450683594,144.34500122070312,144.34500122070312,2203
2023-03-06 10:02:00-05:00,144.28500366210938,144.3300018310547,144.28500366210938,144.3300018310547,144.3300018310547,431
2023-03-06 10:03:00-05:00,144.33999633789062,144.53500366210938,144.33999633789062,144.53500366210938,144.53500366210938,800
2023-03-06 10:04:00-05:00,144.53500366210938,144.53500366210938,144.53500366210938,144.53500366210938,144.53500366210938,176
2023-03-06 10:05:00-05:00,144.52000427246094,144.52000427246094,144.4199981689453,144.47999572753906,144.47999572753906,755
2023-03-06 10:06:00-05:00,144.53500366210938,144.53500366210938,144.53500366210938,144.53500366210938,144.53500366210938,237
2023-03-06 10:07:00-05:00,144.5500030517578,144.6699981689453,144.5500030517578,144.6699981689453,144.6699981689453,1123
2023-03-06 10:08:00-05:00,144.7100067138672,144.72999572753906,144.6199951171875,144.72999572753906,144.72999572753906,437
2023-03-06 10:09:00-05:00,144.86500549316406,144.86500549316406,144.63999938964844,144.69000244140625,144.69000244140625,987
2023-03-06 10:10:00-05:00,144.6699981689453,144.80999755859375,144.6699981689453,144.80999755859375,144.80999755859375,1068
2023-03-06 10:11:00-05:00,144.88499450683594,144.88499450683594,144.80999755859375,144.8300018310547,144.8300018310547,1151
2023-03-06 10:12:00-05:00,144.72500610351562,144.7899932861328,144.72500610351562,144.7899932861328,144.7899932861328,425
2023-03-06 10:14:00-05:00,144.71499633789062,144.7899932861328,144.71499633789062,144.77999877929688,144.77999877929688,899
2023-03-06 10:15:00-05:00,144.80999755859375,144.82000732421875,144.80999755859375,144.82000732421875,144.82000732421875,899
2023-03-06 10:17:00-05:00,144.8699951171875,144.8699951171875,144.8699951171875,144.8699951171875,144.8699951171875,333
2023-03-06 10:18:00-05:00,144.8699951171875,144.8699951171875,144.85000610351562,144.85000610351562,144.85000610351562,311
2023-03-06 10:19:00-05:00,144.85000610351562,144.85000610351562,144.8300018310547,144.8300018310547,144.8300018310547,1565
2023-03-06 10:20:00-05:00,144.74000549316406,144.7449951171875,144.6699981689453,144.67999267578125,144.67999267578125,974
2023-03-06 10:22:00-05:00,144.55999755859375,144.55999755859375,144.55999755859375,144.55999755859375,144.55999755859375,690
2023-03-06 10:23:00-05:00,144.5399932861328,144.55999755859375,144.53500366210938,144.55999755859375,144.55999755859375,743
2023-03-06 10:25:00-05:00,144.4600067138672,144.4600067138672,144.41000366210938,144.41000366210938,144.41000366210938,688
2023-03-06 10:26:00-05:00,144.35000610351562,144.49000549316406,144.35000610351562,144.49000549316406,144.49000549316406,1085
2023-03-06 10:27:00-05:00,144.5,144.5500030517578,144.4499969482422,144.5500030517578,144.5500030517578,1461
2023-03-06 10:28:00-05:00,144.5850067138672,144.5850067138672,144.5850067138672,144.5850067138672,144.5850067138672,359
2023-03-06 10:29:00-05:00,144.4499969482422,144.4600067138672,144.42999267578125,144.42999267578125,144.42999267578125,444
2023-03-06 10:30:00-05:00,144.47999572753906,144.47999572753906,144.47999572753906,144.47999572753906,144.47999572753906,201
2023-03-06 10:31:00-05:00,144.48500061035156,144.5500030517578,144.48500061035156,144.5,144.5,680
2023-03-06 10:32:00-05:00,144.58999633789062,144.61000061035156,144.58999633789062,144.61000061035156,144.61000061035156,452
2023-03-06 10:33:00-05:00,144.5500030517578,144.5500030517578,144.4949951171875,144.4949951171875,144.4949951171875,443
2023-03-06 10:34:00-05:00,144.47000122070312,144.52999877929688,144.47000122070312,144.52999877929688,144.52999877929688,978
2023-03-06 10:36:00-05:00,144.5500030517578,144.5500030517578,144.5500030517578,144.5500030517578,144.5500030517578,135
2023-03-06 10:37:00-05:00,144.49000549316406,144.49200439453125,144.49000549316406,144.49200439453125,144.49200439453125,707
2023-03-06 10:38:00-05:00,144.52000427246094,144.52000427246094,144.52000427246094,144.52000427246094,144.52000427246094,472
2023-03-06 10:39:00-05:00,144.5399932861328,144.5399932861328,144.47999572753906,144.47999572753906,144.47999572753906,1486
2023-03-06 10:40:00-05:00,144.47500610351562,144.47500610351562,144.4199981689453,144.4499969482422,144.4499969482422,1032
2023-03-06 10:41:00-05:00,144.41000366210938,144.4600067138672,144.3699951171875,144.4600067138672,144.4600067138672,2659
2023-03-06 10:42:00-05:00,144.5,144.57000732421875,144.47500610351562,144.57000732421875,144.57000732421875,2868
2023-03-06 10:43:00-05:00,144.6199951171875,144.6199951171875,144.58999633789062,144.58999633789062,144.58999633789062,672
2023-03-06 10:44:00-05:00,144.63999938964844,144.69000244140625,144.63999938964844,144.69000244140625,144.69000244140625,848
2023-03-06 10:46:00-05:00,144.60000610351562,144.6699981689453,144.58999633789062,144.6699981689453,144.6699981689453,1683
2023-03-06 10:48:00-05:00,144.61000061035156,144.61000061035156,144.58999633789062,144.60000610351562,144.60000610351562,1238
2023-03-06 10:49:00-05:00,144.66000366210938,144.66000366210938,144.66000366210938,144.66000366210938,144.66000366210938,355
2023-03-06 10:50:00-05:00,144.7100067138672,144.7100067138672,144.6999969482422,144.7100067138672,144.7100067138672,1378
2023-03-06 10:51:00-05:00,144.73500061035156,144.73500061035156,144.73500061035156,144.73500061035156,144.73500061035156,259
2023-03-06 10:52:00-05:00,144.69000244140625,144.71499633789062,144.69000244140625,144.71499633789062,144.71499633789062,1012
2023-03-06 10:53:00-05:00,144.71499633789062,144.71749877929688,144.71499633789062,144.71749877929688,144.71749877929688,1934
2023-03-06 10:54:00-05:00,144.6699981689453,144.6699981689453,144.61000061035156,144.61000061035156,144.61000061035156,2007
2023-03-06 10:55:00-05:00,144.64999389648438,144.66749572753906,144.63999938964844,144.63999938964844,144.63999938964844,988
2023-03-06 10:56:00-05:00,144.625,144.625,144.625,144.625,144.625,208
2023-03-06 10:57:00-05:00,144.6199951171875,144.6199951171875,144.6199951171875,144.6199951171875,144.6199951171875,513
2023-03-06 10:58:00-05:00,144.6699981689453,144.6750030517578,144.6699981689453,144.6699981689453,144.6699981689453,825
2023-03-06 11:06:00-05:00,144.96499633789062,144.96499633789062,144.96499633789062,144.96499633789062,144.96499633789062,2721
2023-03-06 11:07:00-05:00,144.88999938964844,144.88999938964844,144.875,144.88999938964844,144.88999938964844,1419
2023-03-06 11:08:00-05:00,144.91000366210938,144.9199981689453,144.89999389648438,144.89999389648438,144.89999389648438,849
2023-03-06 11:09:00-05:00,144.92999267578125,144.92999267578125,144.92999267578125,144.92999267578125,144.92999267578125,141
2023-03-06 11:10:00-05:00,144.875,144.875,144.875,144.875,144.875,354
2023-03-06 11:12:00-05:00,144.77000427246094,144.77000427246094,144.7100067138672,144.7100067138672,144.7100067138672,883
2023-03-06 11:13:00-05:00,144.6396942138672,144.6396942138672,144.6396942138672,144.6396942138672,144.6396942138672,158
2023-03-06 11:14:00-05:00,144.63999938964844,144.72000122070312,144.63999938964844,144.72000122070312,144.72000122070312,6149
2023-03-06 11:15:00-05:00,144.72500610351562,144.7449951171875,144.6699981689453,144.67999267578125,144.67999267578125,907
2023-03-06 11:16:00-05:00,144.66090393066406,144.66090393066406,144.66090393066406,144.66090393066406,144.66090393066406,158
2023-03-06 11:17:00-05:00,144.66000366210938,144.66000366210938,144.66000366210938,144.66000366210938,144.66000366210938,277
2023-03-06 11:18:00-05:00,144.7100067138672,144.72999572753906,144.7100067138672,144.72999572753906,144.72999572753906,798
2023-03-06 11:20:00-05:00,144.52999877929688,144.52999877929688,144.52999877929688,144.52999877929688,144.52999877929688,345
2023-03-06 11:21:00-05:00,144.52999877929688,144.53500366210938,144.52999877929688,144.53500366210938,144.53500366210938,437
2023-03-06 11:23:00-05:00,144.49000549316406,144.49000549316406,144.3300018310547,144.35499572753906,144.35499572753906,758
2023-03-06 11:24:00-05:00,144.35499572753906,144.35499572753906,144.35499572753906,144.35499572753906,144.35499572753906,876
2023-03-06 11:25:00-05:00,144.42999267578125,144.42999267578125,144.41000366210938,144.4199981689453,144.4199981689453,668
2023-03-06 11:26:00-05:00,144.35000610351562,144.3800048828125,144.35000610351562,144.3800048828125,144.3800048828125,417
2023-03-06 11:27:00-05:00,144.19000244140625,144.19000244140625,143.9949951171875,143.9949951171875,143.9949951171875,1194
2023-03-06 11:28:00-05:00,144.0399932861328,144.1699981689453,144.0399932861328,144.1699981689453,144.1699981689453,1717
2023-03-06 11:30:00-05:00,144.0500030517578,144.05499267578125,144.0500030517578,144.05499267578125,144.05499267578125,494
2023-03-06 11:32:00-05:00,144.02999877929688,144.02999877929688,144.0,144.0,144.0,783
2023-03-06 11:33:00-05:00,144.02999877929688,144.0800018310547,144.02999877929688,144.07000732421875,144.07000732421875,1497
2023-03-06 11:34:00-05:00,144.0449981689453,144.0449981689453,143.9550018310547,143.9550018310547,143.9550018310547,1879
2023-03-06 11:35:00-05:00,144.00999450683594,144.1300048828125,144.00999450683594,144.10000610351562,144.10000610351562,1125
2023-03-06 11:36:00-05:00,144.10000610351562,144.10499572753906,144.02000427246094,144.02000427246094,144.02000427246094,635
2023-03-06 11:38:00-05:00,144.05999755859375,144.05999755859375,144.05999755859375,144.05999755859375,144.05999755859375,591
2023-03-06 11:40:00-05:00,143.9949951171875,143.9949951171875,143.9949951171875,143.9949951171875,143.9949951171875,259
2023-03-06 11:41:00-05:00,144.0050048828125,144.0500030517578,144.0050048828125,144.02999877929688,144.02999877929688,1622
2023-03-06 11:43:00-05:00,143.9600067138672,143.9600067138672,143.9600067138672,143.9600067138672,143.9600067138672,366
2023-03-06 11:46:00-05:00,143.8800048828125,144.0399932861328,143.8800048828125,143.9824981689453,143.9824981689453,13032
2023-03-06 11:47:00-05:00,143.98500061035156,143.98500061035156,143.91000366210938,143.91000366210938,143.91000366210938,2705
2023-03-06 11:48:00-05:00,144.1199951171875,144.14999389648438,143.99000549316406,143.99000549316406,143.99000549316406,1683
2023-03-06 11:49:00-05:00,144.02999877929688,144.02999877929688,144.02999877929688,144.02999877929688,144.02999877929688,357
2023-03-06 11:55:00-05:00,144.10699462890625,144.10699462890625,144.10699462890625,144.10699462890625,144.10699462890625,1725
2023-03-06 11:57:00-05:00,144.17999267578125,144.25,144.17999267578125,144.25,144.25,1943
2023-03-06 11:58:00-05:00,144.14999389648438,144.14999389648438,144.14999389648438,144.14999389648438,144.14999389648438,377
2023-03-06 11:59:00-05:00,144.22999572753906,144.22999572753906,144.22999572753906,144.22999572753906,144.22999572753906,1018
2023-03-06 12:00:00-05:00,144.16000366210938,144.16000366210938,144.1199951171875,144.1300048828125,144.1300048828125,489
2023-03-06 12:01:00-05:00,144.11000061035156,144.1649932861328,144.11000061035156,144.1649932861328,144.1649932861328,633
2023-03-06 12:03:00-05:00,144.1649932861328,144.1649932861328,144.1649932861328,144.1649932861328,144.1649932861328,686
2023-03-06 12:09:00-05:00,144.15499877929688,144.1999969482422,144.15499877929688,144.1999969482422,144.1999969482422,651
2023-03-06 12:10:00-05:00,144.1999969482422,144.22000122070312,144.16000366210938,144.22000122070312,144.22000122070312,806
2023-03-06 12:11:00-05:00,144.2100067138672,144.2100067138672,144.2100067138672,144.2100067138672,144.2100067138672,769
2023-03-06 12:15:00-05:00,144.3000030517578,144.36500549316406,144.3000030517578,144.36500549316406,144.36500549316406,870
2023-03-06 12:16:00-05:00,144.36500549316406,144.36500549316406,144.22500610351562,144.22500610351562,144.22500610351562,1887
2023-03-06 12:17:00-05:00,144.31500244140625,144.31500244140625,144.31500244140625,144.31500244140625,144.31500244140625,279
2023-03-06 12:18:00-05:00,144.33999633789062,144.33999633789062,144.25,144.25,144.25,491
2023-03-06 12:19:00-05:00,144.33999633789062,144.33999633789062,144.3350067138672,144.3350067138672,144.3350067138672,249
2023-03-06 12:20:00-05:00,144.30499267578125,144.30499267578125,144.30499267578125,144.30499267578125,144.30499267578125,202
2023-03-06 12:21:00-05:00,144.30499267578125,144.30499267578125,144.18499755859375,144.18499755859375,144.18499755859375,2420
2023-03-06 12:22:00-05:00,144.26499938964844,144.26499938964844,144.26499938964844,144.26499938964844,144.26499938964844,112
2023-03-06 12:23:00-05:00,144.35499572753906,144.41000366210938,144.35000610351562,144.39999389648438,144.39999389648438,789
2023-03-06 12:24:00-05:00,144.43499755859375,144.43499755859375,144.43499755859375,144.43499755859375,144.43499755859375,426
2023-03-06 12:25:00-05:00,144.36000061035156,144.36000061035156,144.27999877929688,144.27999877929688,144.27999877929688,1231
2023-03-06 12:27:00-05:00,144.2899932861328,144.32000732421875,144.2899932861328,144.3175048828125,144.3175048828125,1201
2023-03-06 12:30:00-05:00,144.2899932861328,144.2899932861328,144.24000549316406,144.24000549316406,144.24000549316406,1891
2023-03-06 12:31:00-05:00,144.24000549316406,144.2899932861328,144.24000549316406,144.2899932861328,144.2899932861328,434
2023-03-06 12:32:00-05:00,144.3000030517578,144.3000030517578,144.3000030517578,144.3000030517578,144.3000030517578,474
2023-03-06 12:33:00-05:00,144.36000061035156,144.36000061035156,144.36000061035156,144.36000061035156,144.36000061035156,233
2023-03-06 12:34:00-05:00,144.3350067138672,144.3350067138672,144.2949981689453,144.2949981689453,144.2949981689453,777
2023-03-06 12:35:00-05:00,144.22999572753906,144.25,144.22999572753906,144.25,144.25,1113
2023-03-06 12:36:00-05:00,144.3000030517578,144.3000030517578,144.25,144.25,144.25,972
2023-03-06 12:37:00-05:00,144.25,144.25,144.25,144.25,144.25,487
2023-03-06 12:38:00-05:00,144.25,144.25,144.24000549316406,144.24000549316406,144.24000549316406,313
2023-03-06 12:39:00-05:00,144.24130249023438,144.24130249023438,144.2100067138672,144.21499633789062,144.21499633789062,1664
2023-03-06 12:40:00-05:00,144.27499389648438,144.27499389648438,144.27499389648438,144.27499389648438,144.27499389648438,697
2023-03-06 12:41:00-05:00,144.27499389648438,144.27499389648438,144.127197265625,144.127197265625,144.127197265625,1257
2023-03-06 12:43:00-05:00,144.125,144.16000366210938,144.125,144.16000366210938,144.16000366210938,651
2023-03-06 12:44:00-05:00,144.16000366210938,144.16000366210938,144.16000366210938,144.16000366210938,144.16000366210938,598
2023-03-06 12:46:00-05:00,144.00999450683594,144.03500366210938,144.00999450683594,144.03500366210938,144.03500366210938,604
2023-03-06 12:47:00-05:00,143.90499877929688,143.90499877929688,143.89999389648438,143.89999389648438,143.89999389648438,650
2023-03-06 12:48:00-05:00,143.95750427246094,143.95750427246094,143.90499877929688,143.90499877929688,143.90499877929688,891
2023-03-06 12:49:00-05:00,143.89999389648438,143.89999389648438,143.89999389648438,143.89999389648438,143.89999389648438,659
2023-03-06 12:51:00-05:00,143.9499969482422,144.10000610351562,143.9499969482422,144.10000610351562,144.10000610351562,665
2023-03-06 12:52:00-05:00,144.0449981689453,144.10000610351562,144.03500366210938,144.10000610351562,144.10000610351562,479
2023-03-06 12:53:00-05:00,143.99000549316406,144.0800018310547,143.99000549316406,144.0800018310547,144.0800018310547,1490
2023-03-06 12:54:00-05:00,144.10000610351562,144.16000366210938,144.10000610351562,144.15499877929688,144.15499877929688,345
2023-03-06 12:55:00-05:00,144.14999389648438,144.14999389648438,144.14999389648438,144.14999389648438,144.14999389648438,176
2023-03-06 12:57:00-05:00,144.0800018310547,144.10000610351562,144.0800018310547,144.10000610351562,144.10000610351562,553
2023-03-06 12:58:00-05:00,144.11000061035156,144.16000366210938,144.10000610351562,144.16000366210938,144.16000366210938,867
2023-03-06 12:59:00-05:00,144.08999633789062,144.13499450683594,144.0500030517578,144.08999633789062,144.08999633789062,1415
2023-03-06 13:00:00-05:00,143.97999572753906,144.02000427246094,143.9600067138672,144.02000427246094,144.02000427246094,2193
2023-03-06 13:01:00-05:00,144.00999450683594,144.00999450683594,144.00999450683594,144.00999450683594,144.00999450683594,220
2023-03-06 13:02:00-05:00,144.0050048828125,144.0399932861328,143.99000549316406,143.99000549316406,143.99000549316406,424
2023-03-06 13:03:00-05:00,143.9600067138672,143.9600067138672,143.82000732421875,143.82000732421875,143.82000732421875,2304
2023-03-06 13:04:00-05:00,143.8350067138672,144.0399932861328,143.8350067138672,143.98500061035156,143.98500061035156,1157
2023-03-06 13:05:00-05:00,143.98500061035156,143.98500061035156,143.98500061035156,143.98500061035156,143.98500061035156,160
2023-03-06 13:06:00-05:00,143.98500061035156,144.0500030517578,143.98500061035156,144.0500030517578,144.0500030517578,867
2023-03-06 13:07:00-05:00,144.0050048828125,144.0050048828125,144.0050048828125,144.0050048828125,144.0050048828125,328
2023-03-06 13:08:00-05:00,143.97999572753906,144.0,143.89999389648438,143.9499969482422,143.9499969482422,1900
2023-03-06 13:10:00-05:00,143.83999633789062,143.85000610351562,143.83999633789062,143.85000610351562,143.85000610351562,212
2023-03-06 13:11:00-05:00,143.86500549316406,143.86500549316406,143.86000061035156,143.86000061035156,143.86000061035156,589
2023-03-06 13:12:00-05:00,143.86000061035156,143.86000061035156,143.86000061035156,143.86000061035156,143.86000061035156,112
2023-03-06 13:13:00-05:00,143.86000061035156,143.86000061035156,143.7449951171875,143.75999450683594,143.75999450683594,1293
2023-03-06 13:14:00-05:00,143.82000732421875,143.85499572753906,143.82000732421875,143.85499572753906,143.85499572753906,1210
2023-03-06 13:16:00-05:00,143.80999755859375,143.80999755859375,143.75,143.75,143.75,1024
2023-03-06 13:17:00-05:00,143.8699951171875,144.02999877929688,143.85000610351562,144.02999877929688,144.02999877929688,1484
2023-03-06 13:18:00-05:00,144.08999633789062,144.11000061035156,143.9499969482422,144.11000061035156,144.11000061035156,310
2023-03-06 13:19:00-05:00,144.05999755859375,144.05999755859375,144.05999755859375,144.05999755859375,144.05999755859375,464
2023-03-06 13:21:00-05:00,144.14999389648438,144.14999389648438,144.14999389648438,144.14999389648438,144.14999389648438,218
2023-03-06 13:22:00-05:00,144.02000427246094,144.02000427246094,143.9499969482422,143.97999572753906,143.97999572753906,1744
2023-03-06 13:23:00-05:00,143.99000549316406,143.99000549316406,143.97999572753906,143.97999572753906,143.97999572753906,789
2023-03-06 13:25:00-05:00,143.94000244140625,143.94000244140625,143.92999267578125,143.92999267578125,143.92999267578125,504
2023-03-06 13:26:00-05:00,143.99000549316406,143.99000549316406,143.99000549316406,143.99000549316406,143.99000549316406,115
2023-03-06 13:27:00-05:00,144.0,144.0,144.0,144.0,144.0,196
2023-03-06 13:28:00-05:00,143.97999572753906,144.07000732421875,143.97999572753906,144.07000732421875,144.07000732421875,422
2023-03-06 13:29:00-05:00,144.0,144.0,143.99000549316406,143.99000549316406,143.99000549316406,924
2023-03-06 13:30:00-05:00,144.0,144.0,144.0,144.0,144.0,623
2023-03-06 13:32:00-05:00,143.97999572753906,143.99000549316406,143.94500732421875,143.94500732421875,143.94500732421875,642
2023-03-06 13:33:00-05:00,144.02000427246094,144.0800018310547,144.02000427246094,144.0800018310547,144.0800018310547,252
2023-03-06 13:34:00-05:00,144.0,144.0,144.0,144.0,144.0,372
2023-03-06 13:35:00-05:00,144.0500030517578,144.0500030517578,144.0,144.0,144.0,421
2023-03-06 13:36:00-05:00,143.99000549316406,143.99000549316406,143.97000122070312,143.97000122070312,143.97000122070312,1312
2023-03-06 13:37:00-05:00,143.89999389648438,143.94000244140625,143.85000610351562,143.94000244140625,143.94000244140625,913
2023-03-06 13:38:00-05:00,143.88999938964844,143.88999938964844,143.88999938964844,143.88999938964844,143.88999938964844,329
2023-03-06 13:39:00-05:00,143.88999938964844,143.88999938964844,143.83999633789062,143.88999938964844,143.88999938964844,3668
2023-03-06 13:41:00-05:00,143.8699951171875,143.8800048828125,143.7913055419922,143.7913055419922,143.7913055419922,419
2023-03-06 13:42:00-05:00,143.80999755859375,143.80999755859375,143.80499267578125,143.80499267578125,143.80499267578125,722
2023-03-06 13:43:00-05:00,143.6300048828125,143.72500610351562,143.6300048828125,143.72500610351562,143.72500610351562,595
2023-03-06 13:45:00-05:00,143.63999938964844,143.63999938964844,143.58999633789062,143.58999633789062,143.58999633789062,1247
2023-03-06 13:48:00-05:00,143.5,143.61000061035156,143.5,143.60000610351562,143.60000610351562,1015
2023-03-06 13:49:00-05:00,143.61000061035156,143.66000366210938,143.5800018310547,143.66000366210938,143.66000366210938,918
2023-03-06 13:50:00-05:00,143.69500732421875,143.69500732421875,143.69500732421875,143.69500732421875,143.69500732421875,429
2023-03-06 13:51:00-05:00,143.68499755859375,143.69000244140625,143.68499755859375,143.68499755859375,143.68499755859375,751
2023-03-06 13:56:00-05:00,143.72000122070312,143.72000122070312,143.58999633789062,143.60499572753906,143.60499572753906,1333
2023-03-06 13:57:00-05:00,143.6199951171875,143.67999267578125,143.6199951171875,143.67999267578125,143.67999267578125,631
2023-03-06 13:58:00-05:00,143.7100067138672,143.75,143.69500732421875,143.69500732421875,143.69500732421875,1697
2023-03-06 14:00:00-05:00,143.69500732421875,143.72000122070312,143.6699981689453,143.72000122070312,143.72000122070312,372
2023-03-06 14:01:00-05:00,143.72999572753906,143.72999572753906,143.72999572753906,143.72999572753906,143.72999572753906,602
2023-03-06 14:02:00-05:00,143.6699981689453,143.6699981689453,143.64999389648438,143.64999389648438,143.64999389648438,234
2023-03-06 14:03:00-05:00,143.7100067138672,143.7100067138672,143.69500732421875,143.69500732421875,143.69500732421875,973
2023-03-06 14:05:00-05:00,143.75,143.75,143.75,143.75,143.75,1035
2023-03-06 14:08:00-05:00,143.85000610351562,143.85000610351562,143.85000610351562,143.85000610351562,143.85000610351562,373
2023-03-06 14:09:00-05:00,143.80999755859375,143.80999755859375,143.75,143.75999450683594,143.75999450683594,1976
2023-03-06 14:10:00-05:00,143.7100067138672,143.7100067138672,143.6999969482422,143.6999969482422,143.6999969482422,745
2023-03-06 14:11:00-05:00,143.7899932861328,143.7899932861328,143.7899932861328,143.7899932861328,143.7899932861328,272
2023-03-06 14:13:00-05:00,143.80499267578125,143.80499267578125,143.80499267578125,143.80499267578125,143.80499267578125,274
2023-03-06 14:15:00-05:00,143.80499267578125,143.80499267578125,143.75999450683594,143.7899932861328,143.7899932861328,998
2023-03-06 14:16:00-05:00,143.78500366210938,143.78500366210938,143.67999267578125,143.67999267578125,143.67999267578125,1590
2023-03-06 14:17:00-05:00,143.6699981689453,143.6750030517578,143.6699981689453,143.6750030517578,143.6750030517578,473
2023-03-06 14:18:00-05:00,143.6750030517578,143.6750030517578,143.67250061035156,143.67250061035156,143.67250061035156,461
2023-03-06 14:19:00-05:00,143.6699981689453,143.6699981689453,143.63999938964844,143.63999938964844,143.63999938964844,388
2023-03-06 14:20:00-05:00,143.7100067138672,143.72999572753906,143.7100067138672,143.72000122070312,143.72000122070312,894
2023-03-06 14:21:00-05:00,143.72000122070312,143.75999450683594,143.72000122070312,143.75999450683594,143.75999450683594,991
2023-03-06 14:23:00-05:00,143.77999877929688,143.7899932861328,143.77999877929688,143.7899932861328,143.7899932861328,821
2023-03-06 14:24:00-05:00,143.78500366210938,143.78500366210938,143.78500366210938,143.78500366210938,143.78500366210938,645
2023-03-06 14:25:00-05:00,143.8000030517578,143.8000030517578,143.69000244140625,143.69000244140625,143.69000244140625,1238
2023-03-06 14:26:00-05:00,143.67999267578125,143.72999572753906,143.67999267578125,143.72999572753906,143.72999572753906,1061
2023-03-06 14:27:00-05:00,143.64999389648438,143.7100067138672,143.64999389648438,143.7100067138672,143.7100067138672,720
2023-03-06 14:28:00-05:00,143.7100067138672,143.73500061035156,143.7100067138672,143.73500061035156,143.73500061035156,342
2023-03-06 14:29:00-05:00,143.6999969482422,143.73500061035156,143.6999969482422,143.73500061035156,143.73500061035156,448
2023-03-06 14:30:00-05:00,143.77999877929688,143.77999877929688,143.77999877929688,143.77999877929688,143.77999877929688,122
2023-03-06 14:31:00-05:00,143.77499389648438,143.77499389648438,143.77499389648438,143.77499389648438,143.77499389648438,295
2023-03-06 14:32:00-05:00,143.77000427246094,143.82000732421875,143.77000427246094,143.82000732421875,143.82000732421875,993
2023-03-06 14:33:00-05:00,143.82000732421875,143.86000061035156,143.82000732421875,143.86000061035156,143.86000061035156,356
2023-03-06 14:34:00-05:00,143.7899932861328,143.80499267578125,143.72999572753906,143.73500061035156,143.73500061035156,1513
2023-03-06 14:35:00-05:00,143.73500061035156,143.73500061035156,143.6199951171875,143.6199951171875,143.6199951171875,1711
2023-03-06 14:38:00-05:00,143.5500030517578,143.5500030517578,143.5500030517578,143.5500030517578,143.5500030517578,340
2023-03-06 14:39:00-05:00,143.5800018310547,143.61000061035156,143.5800018310547,143.61000061035156,143.61000061035156,849
2023-03-06 14:40:00-05:00,143.60000610351562,143.6699981689453,143.60000610351562,143.6699981689453,143.6699981689453,1551
2023-03-06 14:42:00-05:00,143.75999450683594,143.75999450683594,143.75999450683594,143.75999450683594,143.75999450683594,228
2023-03-06 14:43:00-05:00,143.8000030517578,143.8000030517578,143.8000030517578,143.8000030517578,143.8000030517578,236
2023-03-06 14:44:00-05:00,143.77999877929688,143.77999877929688,143.77999877929688,143.77999877929688,143.77999877929688,107
2023-03-06 14:45:00-05:00,143.77999877929688,143.80999755859375,143.77999877929688,143.77999877929688,143.77999877929688,561
2023-03-06 14:46:00-05:00,143.77000427246094,143.77000427246094,143.71499633789062,143.71499633789062,143.71499633789062,1593
2023-03-06 14:47:00-05:00,143.7100067138672,143.7100067138672,143.6699981689453,143.69000244140625,143.69000244140625,1004
2023-03-06 14:48:00-05:00,143.72000122070312,143.72999572753906,143.6300048828125,143.6300048828125,143.6300048828125,1987
2023-03-06 14:51:00-05:00,143.5399932861328,143.5399932861328,143.5399932861328,143.5399932861328,143.5399932861328,547
2023-03-06 14:52:00-05:00,143.50999450683594,143.5850067138672,143.49000549316406,143.49000549316406,143.49000549316406,911
2023-03-06 14:53:00-05:00,143.47999572753906,143.52999877929688,143.47999572753906,143.49000549316406,143.49000549316406,325
2023-03-06 14:54:00-05:00,143.46800231933594,143.52999877929688,143.46800231933594,143.52999877929688,143.52999877929688,998
2023-03-06 14:55:00-05:00,143.5,143.60499572753906,143.5,143.60499572753906,143.60499572753906,1404
2023-03-06 14:56:00-05:00,143.60499572753906,143.60499572753906,143.56500244140625,143.56500244140625,143.56500244140625,523
2023-03-06 14:57:00-05:00,143.56190490722656,143.56190490722656,143.52000427246094,143.52000427246094,143.52000427246094,944
2023-03-06 14:58:00-05:00,143.56500244140625,143.56500244140625,143.56500244140625,143.56500244140625,143.56500244140625,283
2023-03-06 15:00:00-05:00,143.5500030517578,143.55999755859375,143.5500030517578,143.55999755859375,143.55999755859375,487
2023-03-06 15:01:00-05:00,143.60000610351562,143.60499572753906,143.60000610351562,143.60499572753906,143.60499572753906,703
2023-03-06 15:02:00-05:00,143.55999755859375,143.60499572753906,143.55999755859375,143.5850067138672,143.5850067138672,1461
2023-03-06 15:03:00-05:00,143.55999755859375,143.57000732421875,143.55999755859375,143.55999755859375,143.55999755859375,948
2023-03-06 15:04:00-05:00,143.55999755859375,143.6300048828125,143.55999755859375,143.55999755859375,143.55999755859375,311
2023-03-06 15:05:00-05:00,143.55999755859375,143.6300048828125,143.55189514160156,143.56500244140625,143.56500244140625,525
2023-03-06 15:06:00-05:00,143.55999755859375,143.6199951171875,143.5500030517578,143.5500030517578,143.5500030517578,754
2023-03-06 15:07:00-05:00,143.60000610351562,143.6199951171875,143.52000427246094,143.55999755859375,143.55999755859375,2064
2023-03-06 15:08:00-05:00,143.50999450683594,143.50999450683594,143.50999450683594,143.50999450683594,143.50999450683594,330
2023-03-06 15:09:00-05:00,143.5500030517578,143.5500030517578,143.52000427246094,143.52000427246094,143.52000427246094,1463
2023-03-06 15:10:00-05:00,143.61000061035156,143.6649932861328,143.61000061035156,143.6649932861328,143.6649932861328,532
2023-03-06 15:11:00-05:00,143.69000244140625,143.69000244140625,143.625,143.67999267578125,143.67999267578125,724
2023-03-06 15:12:00-05:00,143.625,143.625,143.5399932861328,143.58999633789062,143.58999633789062,1349
2023-03-06 15:13:00-05:00,143.55999755859375,143.55999755859375,143.5,143.53500366210938,143.53500366210938,1135
2023-03-06 15:14:00-05:00,143.5500030517578,143.55999755859375,143.4550018310547,143.4550018310547,143.4550018310547,1076
2023-03-06 15:15:00-05:00,143.4499969482422,143.4499969482422,143.41000366210938,143.44529724121094,143.44529724121094,1258
2023-03-06 15:16:00-05:00,143.3300018310547,143.3300018310547,143.3300018310547,143.3300018310547,143.3300018310547,679
2023-03-06 15:17:00-05:00,143.2899932861328,143.2899932861328,143.2899932861328,143.2899932861328,143.2899932861328,360
2023-03-06 15:18:00-05:00,143.25819396972656,143.25819396972656,143.25819396972656,143.25819396972656,143.25819396972656,164
2023-03-06 15:19:00-05:00,143.27499389648438,143.3300018310547,143.27499389648438,143.3300018310547,143.3300018310547,1034
2023-03-06 15:20:00-05:00,143.27000427246094,143.27000427246094,143.24000549316406,143.24000549316406,143.24000549316406,1573
2023-03-06 15:22:00-05:00,143.32000732421875,143.32000732421875,143.32000732421875,143.32000732421875,143.32000732421875,216
2023-03-06 15:23:00-05:00,143.27000427246094,143.36000061035156,143.25999450683594,143.36000061035156,143.36000061035156,3340
2023-03-06 15:24:00-05:00,143.3350067138672,143.41000366210938,143.3000030517578,143.3000030517578,143.3000030517578,3820
2023-03-06 15:25:00-05:00,143.27999877929688,143.27999877929688,143.27999877929688,143.27999877929688,143.27999877929688,501
2023-03-06 15:26:00-05:00,143.25999450683594,143.3000030517578,143.22999572753906,143.3000030517578,143.3000030517578,1248
2023-03-06 15:28:00-05:00,143.24000549316406,143.25,143.1999969482422,143.25,143.25,1980
2023-03-06 15:29:00-05:00,143.25,143.25,143.25,143.25,143.25,467
2023-03-06 15:30:00-05:00,143.1999969482422,143.2899932861328,143.1999969482422,143.26499938964844,143.26499938964844,3618
2023-03-06 15:31:00-05:00,143.27000427246094,143.32000732421875,143.27000427246094,143.32000732421875,143.32000732421875,515
2023-03-06 15:32:00-05:00,143.33999633789062,143.3800048828125,143.33999633789062,143.3800048828125,143.3800048828125,1692
2023-03-06 15:33:00-05:00,143.35499572753906,143.35499572753906,143.3000030517578,143.32249450683594,143.32249450683594,2964
2023-03-06 15:34:00-05:00,143.30999755859375,143.30999755859375,143.25,143.25,143.25,2044
2023-03-06 15:35:00-05:00,143.25,143.25,143.1699981689453,143.17999267578125,143.17999267578125,1391
2023-03-06 15:36:00-05:00,143.1717987060547,143.2100067138672,143.1649932861328,143.2100067138672,143.2100067138672,1399
2023-03-06 15:37:00-05:00,143.22999572753906,143.30999755859375,143.1999969482422,143.25,143.25,2133
2023-03-06 15:38:00-05:00,143.22999572753906,143.27000427246094,143.22999572753906,143.27000427246094,143.27000427246094,1479
2023-03-06 15:39:00-05:00,143.3300018310547,143.3300018310547,143.3300018310547,143.3300018310547,143.3300018310547,460
2023-03-06 15:40:00-05:00,143.30999755859375,143.30999755859375,143.22000122070312,143.22999572753906,143.22999572753906,2500
2023-03-06 15:41:00-05:00,143.19000244140625,143.30999755859375,143.19000244140625,143.2899932861328,143.2899932861328,2704
2023-03-06 15:42:00-05:00,143.31500244140625,143.31500244140625,143.31500244140625,143.31500244140625,143.31500244140625,373
2023-03-06 15:43:00-05:00,143.33999633789062,143.35000610351562,143.27999877929688,143.27999877929688,143.27999877929688,2653
2023-03-06 15:44:00-05:00,143.2949981689453,143.2949981689453,143.2949981689453,143.2949981689453,143.2949981689453,103
2023-03-06 15:45:00-05:00,143.27000427246094,143.32000732421875,143.24000549316406,143.25,143.25,3933
2023-03-06 15:46:00-05:00,143.25,143.2949981689453,143.24000549316406,143.27499389648438,143.27499389648438,1683
2023-03-06 15:47:00-05:00,143.3000030517578,143.30999755859375,143.25999450683594,143.27000427246094,143.27000427246094,2037
2023-03-06 15:48:00-05:00,143.27000427246094,143.3000030517578,143.25,143.3000030517578,143.3000030517578,1685
2023-03-06 15:49:00-05:00,143.2899932861328,143.35000610351562,143.2899932861328,143.3300018310547,143.3300018310547,2209
2023-03-06 15:50:00-05:00,143.32000732421875,143.33999633789062,143.27999877929688,143.3000030517578,143.3000030517578,5842
2023-03-06 15:51:00-05:00,143.2899932861328,143.2899932861328,143.2100067138672,143.21499633789062,143.21499633789062,5281
2023-03-06 15:52:00-05:00,143.24000549316406,143.27000427246094,143.1999969482422,143.1999969482422,143.1999969482422,4816
2023-03-06 15:53:00-05:00,143.1999969482422,143.25999450683594,143.17999267578125,143.22000122070312,143.22000122070312,4893
2023-03-06 15:54:00-05:00,143.22500610351562,143.25999450683594,143.22000122070312,143.24000549316406,143.24000549316406,3122
2023-03-06 15:55:00-05:00,143.22500610351562,143.3249969482422,143.1649932861328,143.23500061035156,143.23500061035156,6817
2023-03-06 15:56:00-05:00,143.25999450683594,143.25999450683594,143.21499633789062,143.24000549316406,143.24000549316406,3283
2023-03-06 15:57:00-05:00,143.22000122070312,143.23500061035156,143.1699981689453,143.17999267578125,143.17999267578125,7126
2023-03-06 15:58:00-05:00,143.16000366210938,143.27000427246094,143.16000366210938,143.25999450683594,143.25999450683594,10688
2023-03-06 15:59:00-05:00,143.27000427246094,143.29249572753906,143.10000610351562,143.10000610351562,143.10000610351562,18744
2023-03-07 09:30:00-05:00,143.47000122070312,144.19000244140625,143.2100067138672,144.19000244140625,144.19000244140625,5053
2023-03-07 09:32:00-05:00,143.49000549316406,143.4949951171875,143.49000549316406,143.49000549316406,143.49000549316406,1801
2023-03-07 09:33:00-05:00,143.49000549316406,143.86000061035156,143.49000549316406,143.86000061035156,143.86000061035156,805
2023-03-07 09:34:00-05:00,143.51499938964844,143.51499938964844,143.19000244140625,143.19000244140625,143.19000244140625,814
2023-03-07 09:36:00-05:00,143.77000427246094,143.77000427246094,143.77000427246094,143.77000427246094,143.77000427246094,1101
2023-03-07 09:40:00-05:00,144.08090209960938,144.08090209960938,144.08090209960938,144.08090209960938,144.08090209960938,733
2023-03-07 09:44:00-05:00,143.67999267578125,144.02000427246094,143.67999267578125,144.02000427246094,144.02000427246094,2734
2023-03-07 09:45:00-05:00,144.1699981689453,144.1699981689453,144.14500427246094,144.14500427246094,144.14500427246094,531
2023-03-07 09:46:00-05:00,144.16000366210938,144.25,144.16000366210938,144.25,144.25,661
2023-03-07 09:47:00-05:00,144.0399932861328,144.0399932861328,143.75999450683594,143.77999877929688,143.77999877929688,1868
2023-03-07 09:49:00-05:00,143.8699951171875,143.8699951171875,143.8699951171875,143.8699951171875,143.8699951171875,194
2023-03-07 09:50:00-05:00,143.86000061035156,143.88999938964844,143.86000061035156,143.88999938964844,143.88999938964844,362
2023-03-07 09:51:00-05:00,143.94000244140625,143.97000122070312,143.8000030517578,143.8000030517578,143.8000030517578,1067
2023-03-07 09:56:00-05:00,143.89999389648438,143.93499755859375,143.89999389648438,143.93499755859375,143.93499755859375,285
2023-03-07 09:57:00-05:00,143.8699951171875,143.8699951171875,143.6300048828125,143.77499389648438,143.77499389648438,1290
2023-03-07 09:58:00-05:00,143.7899932861328,143.7949981689453,143.7899932861328,143.7949981689453,143.7949981689453,224
2023-03-07 09:59:00-05:00,143.6383056640625,143.91000366210938,143.6383056640625,143.82000732421875,143.82000732421875,1697
2023-03-07 10:00:00-05:00,143.3699951171875,143.51499938964844,143.19500732421875,143.19500732421875,143.19500732421875,568
2023-03-07 10:01:00-05:00,143.1199951171875,143.1199951171875,143.02499389648438,143.02499389648438,143.02499389648438,421
2023-03-07 10:02:00-05:00,142.9600067138672,142.9600067138672,142.9600067138672,142.9600067138672,142.9600067138672,306
2023-03-07 10:05:00-05:00,142.99000549316406,143.10499572753906,142.99000549316406,143.10499572753906,143.10499572753906,779
2023-03-07 10:06:00-05:00,143.19000244140625,143.35000610351562,143.08999633789062,143.27000427246094,143.27000427246094,2632
2023-03-07 10:07:00-05:00,143.22000122070312,143.25,143.1300048828125,143.1999969482422,143.1999969482422,4107
2023-03-07 10:08:00-05:00,143.1999969482422,143.1999969482422,143.1999969482422,143.1999969482422,143.1999969482422,153
2023-03-07 10:09:00-05:00,143.23500061035156,143.23500061035156,143.19000244140625,143.22999572753906,143.22999572753906,701
2023-03-07 10:10:00-05:00,143.11000061035156,143.1999969482422,142.92999267578125,143.13999938964844,143.13999938964844,2738
2023-03-07 10:11:00-05:00,143.02499389648438,143.0850067138672,142.97999572753906,143.0850067138672,143.0850067138672,1294
2023-03-07 10:12:00-05:00,143.08999633789062,143.08999633789062,143.06500244140625,143.06500244140625,143.06500244140625,528
2023-03-07 10:14:00-05:00,142.99000549316406,143.05499267578125,142.9600067138672,143.0500030517578,143.0500030517578,1141
2023-03-07 10:15:00-05:00,143.01499938964844,143.01499938964844,142.77000427246094,142.89999389648438,142.89999389648438,2133
2023-03-07 10:17:00-05:00,142.8800048828125,142.94000244140625,142.8800048828125,142.94000244140625,142.94000244140625,893
2023-03-07 10:18:00-05:00,143.00999450683594,143.00999450683594,142.8300018310547,143.0,143.0,1636
2023-03-07 10:20:00-05:00,142.89999389648438,142.9550018310547,142.89999389648438,142.91000366210938,142.91000366210938,649
2023-03-07 10:21:00-05:00,143.0399932861328,143.0399932861328,143.03500366210938,143.03500366210938,143.03500366210938,569
2023-03-07 10:22:00-05:00,143.1699981689453,143.1699981689453,143.1699981689453,143.1699981689453,143.1699981689453,241
2023-03-07 10:23:00-05:00,143.22000122070312,143.2899932861328,143.22000122070312,143.2899932861328,143.2899932861328,405
2023-03-07 10:24:00-05:00,143.14999389648438,143.19000244140625,143.02000427246094,143.02000427246094,143.02000427246094,1666
2023-03-07 10:25:00-05:00,142.94000244140625,143.01499938964844,142.94000244140625,142.9600067138672,142.9600067138672,560
2023-03-07 10:26:00-05:00,142.9600067138672,142.97999572753906,142.94500732421875,142.97999572753906,142.97999572753906,1194
2023-03-07 10:27:00-05:00,142.9600067138672,142.97000122070312,142.89999389648438,142.97000122070312,142.97000122070312,605
2023-03-07 10:28:00-05:00,142.85000610351562,142.97000122070312,142.77999877929688,142.97000122070312,142.97000122070312,1127
2023-03-07 10:29:00-05:00,142.89999389648438,142.89999389648438,142.89999389648438,142.89999389648438,142.89999389648438,104
2023-03-07 10:30:00-05:00,142.9199981689453,142.9600067138672,142.9199981689453,142.9600067138672,142.9600067138672,452
2023-03-07 10:31:00-05:00,142.97999572753906,143.1649932861328,142.97999572753906,143.05999755859375,143.05999755859375,1003
2023-03-07 10:32:00-05:00,143.0,143.03500366210938,142.94500732421875,143.0,143.0,1120
2023-03-07 10:33:00-05:00,143.0,143.16000366210938,143.0,143.16000366210938,143.16000366210938,583
2023-03-07 10:35:00-05:00,143.2698974609375,143.2698974609375,143.1649932861328,143.1649932861328,143.1649932861328,238
2023-03-07 10:36:00-05:00,143.25,143.25,143.25,143.25,143.25,676
2023-03-07 10:37:00-05:00,143.10000610351562,143.10000610351562,143.02999877929688,143.0800018310547,143.0800018310547,528
2023-03-07 10:38:00-05:00,143.0800018310547,143.0800018310547,142.97999572753906,142.97999572753906,142.97999572753906,648
2023-03-07 10:39:00-05:00,142.9550018310547,142.9550018310547,142.8249969482422,142.90499877929688,142.90499877929688,701
2023-03-07 10:40:00-05:00,142.90499877929688,142.90499877929688,142.90499877929688,142.90499877929688,142.90499877929688,184
2023-03-07 10:41:00-05:00,142.7100067138672,142.7100067138672,142.7100067138672,142.7100067138672,142.7100067138672,473
2023-03-07 10:43:00-05:00,142.80999755859375,142.80999755859375,142.80999755859375,142.80999755859375,142.80999755859375,730
2023-03-07 10:44:00-05:00,142.80999755859375,142.80999755859375,142.63999938964844,142.7449951171875,142.7449951171875,2702
2023-03-07 10:46:00-05:00,142.58999633789062,142.75999450683594,142.52999877929688,142.75999450683594,142.75999450683594,3323
2023-03-07 10:47:00-05:00,142.7899932861328,142.8699951171875,142.7899932861328,142.8699951171875,142.8699951171875,335
2023-03-07 10:48:00-05:00,142.81109619140625,142.81109619140625,142.81109619140625,142.81109619140625,142.81109619140625,158
2023-03-07 10:49:00-05:00,142.8800048828125,142.8800048828125,142.8800048828125,142.8800048828125,142.8800048828125,503
2023-03-07 10:50:00-05:00,142.77999877929688,142.77999877929688,142.66000366210938,142.66000366210938,142.66000366210938,1253
2023-03-07 10:51:00-05:00,142.64999389648438,142.64999389648438,142.64999389648438,142.64999389648438,142.64999389648438,476
2023-03-07 10:52:00-05:00,142.5399932861328,142.5399932861328,142.50999450683594,142.50999450683594,142.50999450683594,549
2023-03-07 10:56:00-05:00,142.47999572753906,142.5399932861328,142.47999572753906,142.5399932861328,142.5399932861328,3457
2023-03-07 10:57:00-05:00,142.38999938964844,142.38999938964844,142.38999938964844,142.38999938964844,142.38999938964844,242
2023-03-07 10:58:00-05:00,142.55999755859375,142.55999755859375,142.5,142.5,142.5,710
2023-03-07 10:59:00-05:00,142.5,142.5,142.42010498046875,142.42010498046875,142.42010498046875,847
2023-03-07 11:00:00-05:00,142.39500427246094,142.39500427246094,142.39500427246094,142.39500427246094,142.39500427246094,129
2023-03-07 11:01:00-05:00,142.4499969482422,142.4499969482422,142.41110229492188,142.41110229492188,142.41110229492188,706
2023-03-07 11:03:00-05:00,142.52000427246094,142.60000610351562,142.4801025390625,142.60000610351562,142.60000610351562,649
2023-03-07 11:05:00-05:00,142.6199951171875,142.74000549316406,142.6199951171875,142.74000549316406,142.74000549316406,876
2023-03-07 11:06:00-05:00,142.6750030517578,142.75,142.63999938964844,142.75,142.75,1234
2023-03-07 11:07:00-05:00,142.7100067138672,142.7100067138672,142.6199951171875,142.63499450683594,142.63499450683594,1824
2023-03-07 11:08:00-05:00,142.61000061035156,142.61000061035156,142.61000061035156,142.61000061035156,142.61000061035156,239
2023-03-07 11:10:00-05:00,142.6699981689453,142.6699981689453,142.6699981689453,142.6699981689453,142.6699981689453,196
2023-03-07 11:11:00-05:00,142.64999389648438,142.64999389648438,142.50999450683594,142.50999450683594,142.50999450683594,1546
2023-03-07 11:13:00-05:00,142.49000549316406,142.49000549316406,142.49000549316406,142.49000549316406,142.49000549316406,213
2023-03-07 11:14:00-05:00,142.39999389648438,142.39999389648438,142.3300018310547,142.39999389648438,142.39999389648438,839
2023-03-07 11:15:00-05:00,142.35499572753906,142.35499572753906,142.35499572753906,142.35499572753906,142.35499572753906,150
2023-03-07 11:16:00-05:00,142.2899932861328,142.39450073242188,142.27000427246094,142.39450073242188,142.39450073242188,1134
2023-03-07 11:17:00-05:00,142.30999755859375,142.30999755859375,142.24349975585938,142.24349975585938,142.24349975585938,225
2023-03-07 11:18:00-05:00,142.28390502929688,142.28390502929688,142.28390502929688,142.28390502929688,142.28390502929688,637
2023-03-07 11:21:00-05:00,142.39999389648438,142.52000427246094,142.39999389648438,142.50999450683594,142.50999450683594,2235
2023-03-07 11:22:00-05:00,142.48500061035156,142.52000427246094,142.4199981689453,142.52000427246094,142.52000427246094,2239
2023-03-07 11:25:00-05:00,142.60000610351562,142.60000610351562,142.50999450683594,142.55999755859375,142.55999755859375,2866
2023-03-07 11:26:00-05:00,142.5500030517578,142.63499450683594,142.52000427246094,142.6300048828125,142.6300048828125,733
2023-03-07 11:27:00-05:00,142.63999938964844,142.66000366210938,142.625,142.63999938964844,142.63999938964844,1442
2023-03-07 11:28:00-05:00,142.6300048828125,142.63499450683594,142.27999877929688,142.38999938964844,142.38999938964844,13434
2023-03-07 11:29:00-05:00,142.1717071533203,142.2550048828125,142.1717071533203,142.2449951171875,142.2449951171875,1256
2023-03-07 11:30:00-05:00,142.25,142.3000030517578,142.2100067138672,142.3000030517578,142.3000030517578,1364
2023-03-07 11:31:00-05:00,142.25,142.32000732421875,142.25,142.32000732421875,142.32000732421875,13373
2023-03-07 11:32:00-05:00,142.24000549316406,142.27000427246094,142.24000549316406,142.27000427246094,142.27000427246094,3964
2023-03-07 11:33:00-05:00,142.33999633789062,142.33999633789062,142.32000732421875,142.32000732421875,142.32000732421875,335
2023-03-07 11:34:00-05:00,142.28500366210938,142.28500366210938,142.28500366210938,142.28500366210938,142.28500366210938,125
2023-03-07 11:35:00-05:00,142.36000061035156,142.40499877929688,142.27000427246094,142.34249877929688,142.34249877929688,5082
2023-03-07 11:36:00-05:00,142.33999633789062,142.33999633789062,142.33999633789062,142.33999633789062,142.33999633789062,3970
2023-03-07 11:37:00-05:00,142.3574981689453,142.4199981689453,142.34500122070312,142.4199981689453,142.4199981689453,1136
2023-03-07 11:38:00-05:00,142.38999938964844,142.47000122070312,142.38999938964844,142.47000122070312,142.47000122070312,514
2023-03-07 11:39:00-05:00,142.47000122070312,142.47000122070312,142.4550018310547,142.4550018310547,142.4550018310547,1076
2023-03-07 11:40:00-05:00,142.4550018310547,142.57000732421875,142.3350067138672,142.34249877929688,142.34249877929688,4733
2023-03-07 11:41:00-05:00,142.3350067138672,142.3350067138672,142.2100067138672,142.2100067138672,142.2100067138672,18827
2023-03-07 11:42:00-05:00,142.2050018310547,142.39999389648438,142.2050018310547,142.3699951171875,142.3699951171875,2186
2023-03-07 11:43:00-05:00,142.38499450683594,142.5500030517578,142.38499450683594,142.5500030517578,142.5500030517578,1476
2023-03-07 11:44:00-05:00,142.61000061035156,142.69000244140625,142.5500030517578,142.5500030517578,142.5500030517578,1680
2023-03-07 11:45:00-05:00,142.5399932861328,142.58999633789062,142.4199981689453,142.58999633789062,142.58999633789062,3218
2023-03-07 11:46:00-05:00,142.58999633789062,142.58999633789062,142.58999633789062,142.58999633789062,142.58999633789062,238
2023-03-07 11:48:00-05:00,142.67999267578125,142.67999267578125,142.67999267578125,142.67999267578125,142.67999267578125,270
2023-03-07 11:49:00-05:00,142.7100067138672,142.7100067138672,142.49000549316406,142.5500030517578,142.5500030517578,2502
2023-03-07 11:50:00-05:00,142.61000061035156,142.61500549316406,142.52999877929688,142.52999877929688,142.52999877929688,1418
2023-03-07 11:51:00-05:00,142.5,142.5,142.24000549316406,142.25999450683594,142.25999450683594,4038
2023-03-07 11:52:00-05:00,142.35000610351562,142.4199981689453,142.2100067138672,142.4199981689453,142.4199981689453,7771
2023-03-07 11:53:00-05:00,142.35499572753906,142.38999938964844,142.35499572753906,142.38999938964844,142.38999938964844,676
2023-03-07 11:54:00-05:00,142.4250030517578,142.4250030517578,142.4250030517578,142.4250030517578,142.4250030517578,209
2023-03-07 11:55:00-05:00,142.4250030517578,142.42999267578125,142.35000610351562,142.35499572753906,142.35499572753906,1817
2023-03-07 11:56:00-05:00,142.3000030517578,142.3300018310547,142.1999969482422,142.2899932861328,142.2899932861328,4119
2023-03-07 11:57:00-05:00,142.25999450683594,142.25999450683594,142.25999450683594,142.25999450683594,142.25999450683594,372
2023-03-07 11:58:00-05:00,142.2550048828125,142.2550048828125,142.13999938964844,142.25,142.25,3166
2023-03-07 11:59:00-05:00,142.3000030517578,142.32000732421875,142.3000030517578,142.3076934814453,142.3076934814453,619
2023-03-07 12:00:00-05:00,142.27499389648438,142.27499389648438,142.26499938964844,142.26499938964844,142.26499938964844,633
2023-03-07 12:01:00-05:00,142.27499389648438,142.27499389648438,142.14999389648438,142.14999389648438,142.14999389648438,2349
2023-03-07 12:03:00-05:00,142.22000122070312,142.22500610351562,141.97000122070312,141.97500610351562,141.97500610351562,1960
2023-03-07 12:04:00-05:00,141.97500610351562,141.97500610351562,141.97500610351562,141.97500610351562,141.97500610351562,510
2023-03-07 12:05:00-05:00,141.9600067138672,141.96499633789062,141.9600067138672,141.96499633789062,141.96499633789062,923
2023-03-07 12:06:00-05:00,141.97000122070312,141.97000122070312,141.9600067138672,141.96499633789062,141.96499633789062,621
2023-03-07 12:07:00-05:00,141.91000366210938,142.0,141.85000610351562,142.0,142.0,3182
2023-03-07 12:08:00-05:00,142.02499389648438,142.0800018310547,141.99000549316406,141.99000549316406,141.99000549316406,1382
2023-03-07 12:09:00-05:00,142.02499389648438,142.02499389648438,142.02499389648438,142.02499389648438,142.02499389648438,104
2023-03-07 12:10:00-05:00,142.17999267578125,142.17999267578125,142.17999267578125,142.17999267578125,142.17999267578125,225
2023-03-07 12:11:00-05:00,142.06500244140625,142.10000610351562,142.06500244140625,142.0800018310547,142.0800018310547,50451
2023-03-07 12:12:00-05:00,142.10000610351562,142.10000610351562,142.10000610351562,142.10000610351562,142.10000610351562,797
2023-03-07 12:13:00-05:00,142.1199951171875,142.1199951171875,142.1199951171875,142.1199951171875,142.1199951171875,173
2023-03-07 12:14:00-05:00,142.02000427246094,142.02000427246094,141.92999267578125,141.9550018310547,141.9550018310547,1427
2023-03-07 12:16:00-05:00,141.8350067138672,142.0500030517578,141.7899932861328,142.0500030517578,142.0500030517578,4109
2023-03-07 12:18:00-05:00,142.05999755859375,142.05999755859375,141.97000122070312,141.9949951171875,141.9949951171875,1460
2023-03-07 12:19:00-05:00,142.02000427246094,142.08999633789062,141.97999572753906,142.08999633789062,142.08999633789062,797
2023-03-07 12:20:00-05:00,142.1199951171875,142.3000030517578,142.10000610351562,142.3000030517578,142.3000030517578,4766
2023-03-07 12:21:00-05:00,142.24000549316406,142.24000549316406,142.11000061035156,142.11000061035156,142.11000061035156,1148
2023-03-07 12:22:00-05:00,142.16000366210938,142.16000366210938,142.16000366210938,142.16000366210938,142.16000366210938,313
2023-03-07 12:24:00-05:00,142.02999877929688,142.02999877929688,142.02999877929688,142.02999877929688,142.02999877929688,115
2023-03-07 12:25:00-05:00,142.1199951171875,142.1199951171875,142.10499572753906,142.10499572753906,142.10499572753906,701
2023-03-07 12:27:00-05:00,142.19000244140625,142.27999877929688,142.19000244140625,142.27999877929688,142.27999877929688,980
2023-03-07 12:28:00-05:00,142.16000366210938,142.16000366210938,142.07000732421875,142.07000732421875,142.07000732421875,760
2023-03-07 12:29:00-05:00,142.0363006591797,142.0363006591797,142.0363006591797,142.0363006591797,142.0363006591797,148
2023-03-07 12:30:00-05:00,141.97999572753906,142.01499938964844,141.9600067138672,141.9600067138672,141.9600067138672,1046
2023-03-07 12:31:00-05:00,142.0800018310547,142.0800018310547,142.0050048828125,142.02999877929688,142.02999877929688,1105
2023-03-07 12:32:00-05:00,141.99000549316406,142.0,141.98500061035156,141.98500061035156,141.98500061035156,513
2023-03-07 12:33:00-05:00,142.02999877929688,142.0399932861328,141.97000122070312,142.02000427246094,142.02000427246094,2918
2023-03-07 12:34:00-05:00,142.0399932861328,142.0399932861328,142.02999877929688,142.02999877929688,142.02999877929688,1507
2023-03-07 12:35:00-05:00,142.0399932861328,142.0449981689453,142.0399932861328,142.0449981689453,142.0449981689453,1363
2023-03-07 12:36:00-05:00,141.99000549316406,142.01499938964844,141.97999572753906,142.01499938964844,142.01499938964844,1443
2023-03-07 12:37:00-05:00,142.01499938964844,142.01499938964844,142.01499938964844,142.01499938964844,142.01499938964844,397
2023-03-07 12:38:00-05:00,142.01499938964844,142.01499938964844,142.00999450683594,142.00999450683594,142.00999450683594,658
2023-03-07 12:39:00-05:00,142.00999450683594,142.14999389648438,142.00999450683594,142.10000610351562,142.10000610351562,2833
2023-03-07 12:40:00-05:00,142.11000061035156,142.11000061035156,142.11000061035156,142.11000061035156,142.11000061035156,22325
2023-03-07 12:41:00-05:00,142.14500427246094,142.14500427246094,142.10000610351562,142.10000610351562,142.10000610351562,5356
2023-03-07 12:42:00-05:00,142.0800018310547,142.17999267578125,142.00999450683594,142.09500122070312,142.09500122070312,30495
2023-03-07 12:43:00-05:00,142.05999755859375,142.0780029296875,142.05999755859375,142.0780029296875,142.0780029296875,334
2023-03-07 12:44:00-05:00,142.19000244140625,142.24000549316406,142.19000244140625,142.24000549316406,142.24000549316406,2919
2023-03-07 12:45:00-05:00,142.25,142.33999633789062,142.25,142.2899932861328,142.2899932861328,2065
2023-03-07 12:46:00-05:00,142.25,142.25,142.0500030517578,142.0500030517578,142.0500030517578,6200
2023-03-07 12:49:00-05:00,142.16000366210938,142.19500732421875,142.16000366210938,142.19500732421875,142.19500732421875,400
2023-03-07 12:50:00-05:00,142.2050018310547,142.2050018310547,142.2050018310547,142.2050018310547,142.2050018310547,5074
2023-03-07 12:52:00-05:00,142.22999572753906,142.27999877929688,142.2100067138672,142.27999877929688,142.27999877929688,9954
2023-03-07 12:53:00-05:00,142.25,142.27000427246094,142.25,142.25999450683594,142.25999450683594,10635
2023-03-07 12:54:00-05:00,142.25,142.25,142.25,142.25,142.25,9836
2023-03-07 12:55:00-05:00,142.3000030517578,142.30499267578125,142.24000549316406,142.3000030517578,142.3000030517578,1040
2023-03-07 12:56:00-05:00,142.197998046875,142.197998046875,142.197998046875,142.197998046875,142.197998046875,264
2023-03-07 12:57:00-05:00,142.07000732421875,142.10000610351562,142.0,142.0500030517578,142.0500030517578,626
2023-03-07 12:58:00-05:00,141.9600067138672,142.13999938964844,141.9600067138672,142.13999938964844,142.13999938964844,9957
2023-03-07 12:59:00-05:00,142.0850067138672,142.0850067138672,142.00999450683594,142.00999450683594,142.00999450683594,429
2023-03-07 13:00:00-05:00,142.02000427246094,142.1649932861328,141.97999572753906,142.09500122070312,142.09500122070312,5685
2023-03-07 13:01:00-05:00,142.1999969482422,142.1999969482422,142.1999969482422,142.1999969482422,142.1999969482422,593
2023-03-07 13:02:00-05:00,142.22999572753906,142.24000549316406,142.22999572753906,142.24000549316406,142.24000549316406,7500
2023-03-07 13:03:00-05:00,142.24000549316406,142.3000030517578,142.24000549316406,142.27000427246094,142.27000427246094,3421
2023-03-07 13:04:00-05:00,142.30999755859375,142.30999755859375,142.19000244140625,142.19000244140625,142.19000244140625,507
2023-03-07 13:05:00-05:00,142.1300048828125,142.1300048828125,141.99000549316406,141.99000549316406,141.99000549316406,292
2023-03-07 13:06:00-05:00,142.02000427246094,142.02000427246094,142.02000427246094,142.02000427246094,142.02000427246094,280
2023-03-07 13:09:00-05:00,142.02499389648438,142.02499389648438,142.02499389648438,142.02499389648438,142.02499389648438,5399
2023-03-07 13:13:00-05:00,141.97000122070312,141.97000122070312,141.9499969482422,141.9499969482422,141.9499969482422,419
2023-03-07 13:14:00-05:00,142.00999450683594,142.00999450683594,142.00999450683594,142.00999450683594,142.00999450683594,221
2023-03-07 13:15:00-05:00,141.91000366210938,141.92999267578125,141.91000366210938,141.92999267578125,141.92999267578125,693
2023-03-07 13:17:00-05:00,141.86500549316406,141.89999389648438,141.86500549316406,141.89999389648438,141.89999389648438,214
2023-03-07 13:18:00-05:00,141.99000549316406,141.99000549316406,141.99000549316406,141.99000549316406,141.99000549316406,204
2023-03-07 13:19:00-05:00,141.9550018310547,141.9550018310547,141.89999389648438,141.9499969482422,141.9499969482422,1337
2023-03-07 13:21:00-05:00,141.92190551757812,141.99000549316406,141.89999389648438,141.89999389648438,141.89999389648438,1060
2023-03-07 13:22:00-05:00,141.83999633789062,141.83999633789062,141.82000732421875,141.82000732421875,141.82000732421875,729
2023-03-07 13:23:00-05:00,141.7624969482422,141.7624969482422,141.7624969482422,141.7624969482422,141.7624969482422,100
2023-03-07 13:24:00-05:00,141.7550048828125,141.7550048828125,141.75,141.75,141.75,2426
2023-03-07 13:26:00-05:00,141.75,141.75999450683594,141.72000122070312,141.72000122070312,141.72000122070312,1016
2023-03-07 13:30:00-05:00,141.74000549316406,141.74000549316406,141.6699981689453,141.6699981689453,141.6699981689453,1184
2023-03-07 13:32:00-05:00,141.69000244140625,141.69000244140625,141.69000244140625,141.69000244140625,141.69000244140625,467
2023-03-07 13:33:00-05:00,141.72000122070312,141.72000122070312,141.72000122070312,141.72000122070312,141.72000122070312,354
2023-03-07 13:34:00-05:00,141.61000061035156,141.61000061035156,141.60000610351562,141.60000610351562,141.60000610351562,429
2023-03-07 13:35:00-05:00,141.47000122070312,141.5500030517578,141.47000122070312,141.5500030517578,141.5500030517578,1168
2023-03-07 13:39:00-05:00,141.5,141.5,141.3699951171875,141.3699951171875,141.3699951171875,4583
2023-03-07 13:45:00-05:00,141.11000061035156,141.11000061035156,141.0,141.0,141.0,1753
2023-03-07 13:47:00-05:00,141.08999633789062,141.10499572753906,141.08999633789062,141.10499572753906,141.10499572753906,580
2023-03-07 13:48:00-05:00,141.10000610351562,141.13999938964844,141.10000610351562,141.13999938964844,141.13999938964844,450
2023-03-07 13:49:00-05:00,141.0500030517578,141.05999755859375,141.02999877929688,141.02999877929688,141.02999877929688,1667
2023-03-07 13:50:00-05:00,141.02960205078125,141.02960205078125,141.02000427246094,141.02000427246094,141.02000427246094,374
2023-03-07 13:51:00-05:00,140.99000549316406,141.10000610351562,140.9600067138672,141.05499267578125,141.05499267578125,2804
2023-03-07 13:53:00-05:00,141.0500030517578,141.0500030517578,141.0500030517578,141.0500030517578,141.0500030517578,376
2023-03-07 13:55:00-05:00,141.0399932861328,141.0399932861328,141.0399932861328,141.0399932861328,141.0399932861328,382
2023-03-07 13:56:00-05:00,141.0500030517578,141.0500030517578,141.0500030517578,141.0500030517578,141.0500030517578,330
2023-03-07 13:58:00-05:00,141.11000061035156,141.16000366210938,141.11000061035156,141.16000366210938,141.16000366210938,1327
2023-03-07 14:00:00-05:00,141.11000061035156,141.11000061035156,141.0399932861328,141.0399932861328,141.0399932861328,899
2023-03-07 14:02:00-05:00,141.08999633789062,141.08999633789062,141.0399932861328,141.0399932861328,141.0399932861328,1570
2023-03-07 14:03:00-05:00,140.97000122070312,140.97000122070312,140.97000122070312,140.97000122070312,140.97000122070312,122
2023-03-07 14:04:00-05:00,140.97999572753906,141.0399932861328,140.9499969482422,141.0399932861328,141.0399932861328,1686
2023-03-07 14:05:00-05:00,141.05999755859375,141.05999755859375,141.05999755859375,141.05999755859375,141.05999755859375,127
2023-03-07 14:06:00-05:00,141.06500244140625,141.06500244140625,141.06500244140625,141.06500244140625,141.06500244140625,153
2023-03-07 14:07:00-05:00,141.0800018310547,141.22000122070312,141.0800018310547,141.22000122070312,141.22000122070312,807
2023-03-07 14:08:00-05:00,141.27000427246094,141.27000427246094,141.27000427246094,141.27000427246094,141.27000427246094,142
2023-03-07 14:09:00-05:00,141.27000427246094,141.27000427246094,141.27000427246094,141.27000427246094,141.27000427246094,204
2023-03-07 14:10:00-05:00,141.26499938964844,141.3300018310547,141.22000122070312,141.3300018310547,141.3300018310547,4028
2023-03-07 14:11:00-05:00,141.35000610351562,141.35000610351562,141.35000610351562,141.35000610351562,141.35000610351562,574
2023-03-07 14:13:00-05:00,141.34500122070312,141.42999267578125,141.34500122070312,141.42999267578125,141.42999267578125,501
2023-03-07 14:14:00-05:00,141.49000549316406,141.49000549316406,141.41000366210938,141.4499969482422,141.4499969482422,721
2023-03-07 14:15:00-05:00,141.4600067138672,141.4600067138672,141.3800048828125,141.40499877929688,141.40499877929688,1217
2023-03-07 14:16:00-05:00,141.52999877929688,141.52999877929688,141.52999877929688,141.52999877929688,141.52999877929688,115
2023-03-07 14:17:00-05:00,141.5500030517578,141.5500030517578,141.50999450683594,141.50999450683594,141.50999450683594,1120
2023-03-07 14:20:00-05:00,141.5,141.5,141.4550018310547,141.46499633789062,141.46499633789062,1563
2023-03-07 14:21:00-05:00,141.4499969482422,141.4499969482422,141.4199981689453,141.43499755859375,141.43499755859375,2459
2023-03-07 14:22:00-05:00,141.43499755859375,141.43499755859375,141.43499755859375,141.43499755859375,141.43499755859375,365
2023-03-07 14:23:00-05:00,141.3699951171875,141.43899536132812,141.35000610351562,141.39999389648438,141.39999389648438,3091
2023-03-07 14:24:00-05:00,141.33099365234375,141.33099365234375,141.33099365234375,141.33099365234375,141.33099365234375,486
2023-03-07 14:25:00-05:00,141.42999267578125,141.50999450683594,141.41000366210938,141.50999450683594,141.50999450683594,2025
2023-03-07 14:26:00-05:00,141.47999572753906,141.47999572753906,141.4075927734375,141.4075927734375,141.4075927734375,962
2023-03-07 14:27:00-05:00,141.5399932861328,141.54080200195312,141.5399932861328,141.54080200195312,141.54080200195312,747
2023-03-07 14:28:00-05:00,141.5,141.5,141.4949951171875,141.4949951171875,141.4949951171875,619
2023-03-07 14:31:00-05:00,141.52499389648438,141.52499389648438,141.52499389648438,141.52499389648438,141.52499389648438,236
2023-03-07 14:32:00-05:00,141.4499969482422,141.5,141.4199981689453,141.46499633789062,141.46499633789062,2365
2023-03-07 14:33:00-05:00,141.50999450683594,141.50999450683594,141.4600067138672,141.47979736328125,141.47979736328125,743
2023-03-07 14:34:00-05:00,141.4499969482422,141.52000427246094,141.4499969482422,141.52000427246094,141.52000427246094,640
2023-03-07 14:35:00-05:00,141.49000549316406,141.49000549316406,141.49000549316406,141.49000549316406,141.49000549316406,408
2023-03-07 14:36:00-05:00,141.5,141.5,141.4499969482422,141.47999572753906,141.47999572753906,2390
2023-03-07 14:37:00-05:00,141.52999877929688,141.5500030517578,141.49000549316406,141.49000549316406,141.49000549316406,3417
2023-03-07 14:40:00-05:00,141.5,141.57000732421875,141.47000122070312,141.57000732421875,141.57000732421875,4369
2023-03-07 14:42:00-05:00,141.5399932861328,141.5399932861328,141.53500366210938,141.53500366210938,141.53500366210938,504
2023-03-07 14:43:00-05:00,141.5,141.5,141.5,141.5,141.5,835
2023-03-07 14:44:00-05:00,141.49000549316406,141.49000549316406,141.42999267578125,141.42999267578125,141.42999267578125,1106
2023-03-07 14:45:00-05:00,141.4600067138672,141.4600067138672,141.4600067138672,141.4600067138672,141.4600067138672,335
2023-03-07 14:46:00-05:00,141.49000549316406,141.49000549316406,141.49000549316406,141.49000549316406,141.49000549316406,403
2023-03-07 14:47:00-05:00,141.46499633789062,141.50999450683594,141.42999267578125,141.4600067138672,141.4600067138672,4391
2023-03-07 14:48:00-05:00,141.4199981689453,141.44000244140625,141.4199981689453,141.44000244140625,141.44000244140625,324
2023-03-07 14:49:00-05:00,141.46499633789062,141.46499633789062,141.46499633789062,141.46499633789062,141.46499633789062,229
2023-03-07 14:50:00-05:00,141.47000122070312,141.47000122070312,141.46499633789062,141.46499633789062,141.46499633789062,799
2023-03-07 14:51:00-05:00,141.46499633789062,141.46749877929688,141.46499633789062,141.46749877929688,141.46749877929688,351
2023-03-07 14:52:00-05:00,141.47000122070312,141.47000122070312,141.4600067138672,141.4600067138672,141.4600067138672,707
2023-03-07 14:53:00-05:00,141.4600067138672,141.49000549316406,141.4149932861328,141.4499969482422,141.4499969482422,3182
2023-03-07 14:54:00-05:00,141.41000366210938,141.41000366210938,141.1999969482422,141.1999969482422,141.1999969482422,3262
2023-03-07 14:55:00-05:00,141.1999969482422,141.1999969482422,141.1999969482422,141.1999969482422,141.1999969482422,209
2023-03-07 14:56:00-05:00,141.25,141.25,141.22999572753906,141.24000549316406,141.24000549316406,1046
2023-03-07 14:58:00-05:00,141.22000122070312,141.25999450683594,141.22000122070312,141.25999450683594,141.25999450683594,966
2023-03-07 15:00:00-05:00,141.22999572753906,141.375,141.22999572753906,141.3699951171875,141.3699951171875,4323
2023-03-07 15:02:00-05:00,141.375,141.375,141.375,141.375,141.375,325
2023-03-07 15:03:00-05:00,141.3634033203125,141.38999938964844,141.3634033203125,141.38999938964844,141.38999938964844,1400
2023-03-07 15:04:00-05:00,141.36500549316406,141.36500549316406,141.36000061035156,141.36000061035156,141.36000061035156,635
2023-03-07 15:05:00-05:00,141.33999633789062,141.3800048828125,141.3300018310547,141.3300018310547,141.3300018310547,1061
2023-03-07 15:06:00-05:00,141.38999938964844,141.41000366210938,141.38999938964844,141.41000366210938,141.41000366210938,970
2023-03-07 15:07:00-05:00,141.42999267578125,141.42999267578125,141.39999389648438,141.39999389648438,141.39999389648438,419
2023-03-07 15:08:00-05:00,141.39999389648438,141.49000549316406,141.3699951171875,141.47000122070312,141.47000122070312,3841
2023-03-07 15:10:00-05:00,141.47000122070312,141.47250366210938,141.47000122070312,141.47250366210938,141.47250366210938,832
2023-03-07 15:11:00-05:00,141.5399932861328,141.5399932861328,141.5399932861328,141.5399932861328,141.5399932861328,771
2023-03-07 15:13:00-05:00,141.62570190429688,141.67999267578125,141.62570190429688,141.67999267578125,141.67999267578125,900
2023-03-07 15:14:00-05:00,141.625,141.64500427246094,141.5800018310547,141.5850067138672,141.5850067138672,2003
2023-03-07 15:15:00-05:00,141.64999389648438,141.66000366210938,141.64500427246094,141.64500427246094,141.64500427246094,1283
2023-03-07 15:16:00-05:00,141.67999267578125,141.67999267578125,141.6759033203125,141.6759033203125,141.6759033203125,1112
2023-03-07 15:17:00-05:00,141.64999389648438,141.64999389648438,141.58999633789062,141.60000610351562,141.60000610351562,1800
2023-03-07 15:18:00-05:00,141.5,141.5,141.4600067138672,141.5,141.5,1161
2023-03-07 15:19:00-05:00,141.55999755859375,141.57000732421875,141.53500366210938,141.53500366210938,141.53500366210938,1040
2023-03-07 15:20:00-05:00,141.57000732421875,141.57000732421875,141.52999877929688,141.52999877929688,141.52999877929688,329
2023-03-07 15:21:00-05:00,141.5,141.50999450683594,141.48500061035156,141.50999450683594,141.50999450683594,1487
2023-03-07 15:22:00-05:00,141.52999877929688,141.52999877929688,141.52999877929688,141.52999877929688,141.52999877929688,768
2023-03-07 15:23:00-05:00,141.55999755859375,141.5800018310547,141.55999755859375,141.55999755859375,141.55999755859375,639
2023-03-07 15:24:00-05:00,141.55499267578125,141.55499267578125,141.55499267578125,141.55499267578125,141.55499267578125,100
2023-03-07 15:25:00-05:00,141.5500030517578,141.5500030517578,141.49000549316406,141.49000549316406,141.49000549316406,1417
2023-03-07 15:26:00-05:00,141.51499938964844,141.51499938964844,141.51499938964844,141.51499938964844,141.51499938964844,379
2023-03-07 15:27:00-05:00,141.47000122070312,141.52999877929688,141.47000122070312,141.52499389648438,141.52499389648438,2602
2023-03-07 15:28:00-05:00,141.4499969482422,141.48500061035156,141.4499969482422,141.48500061035156,141.48500061035156,891
2023-03-07 15:29:00-05:00,141.50999450683594,141.52999877929688,141.47000122070312,141.5,141.5,3898
2023-03-07 15:30:00-05:00,141.55999755859375,141.58999633789062,141.55999755859375,141.57000732421875,141.57000732421875,756
2023-03-07 15:31:00-05:00,141.57000732421875,141.57000732421875,141.57000732421875,141.57000732421875,141.57000732421875,307
2023-03-07 15:32:00-05:00,141.57000732421875,141.63999938964844,141.57000732421875,141.63999938964844,141.63999938964844,2559
2023-03-07 15:33:00-05:00,141.67999267578125,141.6999969482422,141.64999389648438,141.67999267578125,141.67999267578125,934
2023-03-07 15:34:00-05:00,141.68499755859375,141.75999450683594,141.68499755859375,141.75999450683594,141.75999450683594,320
2023-03-07 15:35:00-05:00,141.75999450683594,141.75999450683594,141.6999969482422,141.6999969482422,141.6999969482422,654
2023-03-07 15:36:00-05:00,141.6999969482422,141.72000122070312,141.6999969482422,141.72000122070312,141.72000122070312,453
2023-03-07 15:37:00-05:00,141.69000244140625,141.77999877929688,141.69000244140625,141.77000427246094,141.77000427246094,4584
2023-03-07 15:38:00-05:00,141.76870727539062,141.80999755859375,141.76870727539062,141.7899932861328,141.7899932861328,801
2023-03-07 15:39:00-05:00,141.82000732421875,141.82000732421875,141.77000427246094,141.77000427246094,141.77000427246094,1877
2023-03-07 15:40:00-05:00,141.75,141.75,141.69000244140625,141.75,141.75,1879
2023-03-07 15:41:00-05:00,141.8000030517578,141.8000030517578,141.67999267578125,141.7100067138672,141.7100067138672,3874
2023-03-07 15:42:00-05:00,141.7100067138672,141.7100067138672,141.6999969482422,141.6999969482422,141.6999969482422,580
2023-03-07 15:43:00-05:00,141.7100067138672,141.7100067138672,141.66200256347656,141.69000244140625,141.69000244140625,1008
2023-03-07 15:44:00-05:00,141.69000244140625,141.7100067138672,141.63999938964844,141.6649932861328,141.6649932861328,3179
2023-03-07 15:45:00-05:00,141.66000366210938,141.7100067138672,141.64999389648438,141.7100067138672,141.7100067138672,3530
2023-03-07 15:46:00-05:00,141.67999267578125,141.7100067138672,141.67999267578125,141.7100067138672,141.7100067138672,1468
2023-03-07 15:47:00-05:00,141.74000549316406,141.74000549316406,141.69000244140625,141.71499633789062,141.71499633789062,3879
2023-03-07 15:48:00-05:00,141.69000244140625,141.74000549316406,141.6199951171875,141.69000244140625,141.69000244140625,5988
2023-03-07 15:49:00-05:00,141.6699981689453,141.67999267578125,141.6699981689453,141.6750030517578,141.6750030517578,1887
2023-03-07 15:50:00-05:00,141.7100067138672,141.72000122070312,141.64999389648438,141.68499755859375,141.68499755859375,2933
2023-03-07 15:51:00-05:00,141.68499755859375,141.69000244140625,141.63999938964844,141.6649932861328,141.6649932861328,5327
2023-03-07 15:52:00-05:00,141.6699981689453,141.72000122070312,141.66000366210938,141.71499633789062,141.71499633789062,3745
2023-03-07 15:53:00-05:00,141.71499633789062,141.8300018310547,141.7100067138672,141.80499267578125,141.80499267578125,4826
2023-03-07 15:54:00-05:00,141.80499267578125,141.82000732421875,141.6999969482422,141.75999450683594,141.75999450683594,7396
2023-03-07 15:55:00-05:00,141.75,141.8699951171875,141.74000549316406,141.82000732421875,141.82000732421875,9288
2023-03-07 15:56:00-05:00,141.80999755859375,141.80999755859375,141.73500061035156,141.7550048828125,141.7550048828125,4771
2023-03-07 15:57:00-05:00,141.77000427246094,141.77999877929688,141.73500061035156,141.75,141.75,5128
2023-03-07 15:58:00-05:00,141.75,141.77999877929688,141.74000549316406,141.75,141.75,9917
2023-03-07 15:59:00-05:00,141.75,141.77000427246094,141.66000366210938,141.6699981689453,141.6699981689453,26231
2023-03-08 09:30:00-05:00,141.47000122070312,141.47000122070312,141.47000122070312,141.47000122070312,141.47000122070312,2640
2023-03-08 09:33:00-05:00,141.875,142.0,141.53500366210938,141.97000122070312,141.97000122070312,2082
2023-03-08 09:36:00-05:00,141.8300018310547,142.05999755859375,141.8300018310547,142.05999755859375,142.05999755859375,610
2023-03-08 09:37:00-05:00,142.0500030517578,142.05999755859375,142.0500030517578,142.05999755859375,142.05999755859375,850
2023-03-08 09:38:00-05:00,141.97999572753906,141.97999572753906,141.91000366210938,141.91000366210938,141.91000366210938,313
2023-03-08 09:39:00-05:00,141.86500549316406,141.86500549316406,141.86500549316406,141.86500549316406,141.86500549316406,388
2023-03-08 09:41:00-05:00,141.80999755859375,141.80999755859375,141.80999755859375,141.80999755859375,141.80999755859375,522
2023-03-08 09:42:00-05:00,141.66000366210938,141.66000366210938,141.47000122070312,141.47000122070312,141.47000122070312,1635
2023-03-08 09:43:00-05:00,141.66000366210938,141.66000366210938,141.66000366210938,141.66000366210938,141.66000366210938,639
2023-03-08 09:48:00-05:00,141.78500366210938,141.78500366210938,141.78500366210938,141.78500366210938,141.78500366210938,137
2023-03-08 09:50:00-05:00,141.5800018310547,141.88999938964844,141.5800018310547,141.88999938964844,141.88999938964844,1031
2023-03-08 09:51:00-05:00,141.8350067138672,141.8350067138672,141.72000122070312,141.72000122070312,141.72000122070312,651
2023-03-08 09:54:00-05:00,141.8699951171875,141.9499969482422,141.86500549316406,141.92999267578125,141.92999267578125,1751
2023-03-08 09:56:00-05:00,142.18499755859375,142.18499755859375,142.0800018310547,142.16000366210938,142.16000366210938,720
2023-03-08 09:57:00-05:00,141.94000244140625,141.94000244140625,141.94000244140625,141.94000244140625,141.94000244140625,226
2023-03-08 09:58:00-05:00,142.13999938964844,142.13999938964844,142.13999938964844,142.13999938964844,142.13999938964844,482
2023-03-08 09:59:00-05:00,142.07000732421875,142.07000732421875,142.0,142.0,142.0,281
2023-03-08 10:00:00-05:00,141.94000244140625,141.97000122070312,141.66000366210938,141.67999267578125,141.67999267578125,3450
2023-03-08 10:01:00-05:00,141.77000427246094,141.88999938964844,141.47000122070312,141.65499877929688,141.65499877929688,1428
2023-03-08 10:02:00-05:00,141.8699951171875,142.0,141.8699951171875,142.0,142.0,1418
2023-03-08 10:03:00-05:00,142.00999450683594,142.00999450683594,141.9949951171875,141.9949951171875,141.9949951171875,401
2023-03-08 10:05:00-05:00,142.0,142.0,142.0,142.0,142.0,198
2023-03-08 10:06:00-05:00,142.19500732421875,142.22500610351562,142.19500732421875,142.22500610351562,142.22500610351562,408
2023-03-08 10:08:00-05:00,141.9600067138672,141.9600067138672,141.9600067138672,141.9600067138672,141.9600067138672,245
2023-03-08 10:09:00-05:00,142.1750030517578,142.1750030517578,142.08999633789062,142.08999633789062,142.08999633789062,335
2023-03-08 10:10:00-05:00,142.17999267578125,142.17999267578125,142.10499572753906,142.10499572753906,142.10499572753906,481
2023-03-08 10:11:00-05:00,142.19000244140625,142.19000244140625,142.0,142.0,142.0,731
2023-03-08 10:12:00-05:00,142.08999633789062,142.14500427246094,142.08999633789062,142.14500427246094,142.14500427246094,251
2023-03-08 10:13:00-05:00,142.05999755859375,142.14999389648438,142.0399932861328,142.14999389648438,142.14999389648438,592
2023-03-08 10:15:00-05:00,142.1591033935547,142.1591033935547,142.1591033935547,142.1591033935547,142.1591033935547,388
2023-03-08 10:18:00-05:00,141.99000549316406,141.99000549316406,141.8699951171875,141.8699951171875,141.8699951171875,2498
2023-03-08 10:19:00-05:00,141.81500244140625,141.94000244140625,141.77999877929688,141.9250030517578,141.9250030517578,3673
2023-03-08 10:20:00-05:00,141.89500427246094,141.94000244140625,141.8000030517578,141.80499267578125,141.80499267578125,2262
2023-03-08 10:21:00-05:00,141.8699951171875,141.8699951171875,141.75,141.77000427246094,141.77000427246094,1874
2023-03-08 10:22:00-05:00,141.8800048828125,142.18359375,141.8800048828125,142.18359375,142.18359375,798
2023-03-08 10:23:00-05:00,142.22000122070312,142.22000122070312,141.92999267578125,141.99000549316406,141.99000549316406,3455
2023-03-08 10:24:00-05:00,142.2100067138672,142.25999450683594,142.2100067138672,142.25999450683594,142.25999450683594,429
2023-03-08 10:25:00-05:00,142.44000244140625,142.44000244140625,142.44000244140625,142.44000244140625,142.44000244140625,115
2023-03-08 10:26:00-05:00,142.3000030517578,142.3350067138672,142.3000030517578,142.3350067138672,142.3350067138672,436
2023-03-08 10:27:00-05:00,142.25,142.25,142.1634063720703,142.1634063720703,142.1634063720703,521
2023-03-08 10:28:00-05:00,142.1199951171875,142.22999572753906,142.1199951171875,142.22999572753906,142.22999572753906,635
2023-03-08 10:29:00-05:00,142.14500427246094,142.22999572753906,142.05999755859375,142.08999633789062,142.08999633789062,770
2023-03-08 10:30:00-05:00,142.0399932861328,142.0399932861328,141.97999572753906,141.97999572753906,141.97999572753906,588
2023-03-08 10:31:00-05:00,142.16000366210938,142.2899932861328,142.05499267578125,142.2899932861328,142.2899932861328,1107
2023-03-08 10:32:00-05:00,142.0800018310547,142.22500610351562,142.02000427246094,142.22500610351562,142.22500610351562,975
2023-03-08 10:35:00-05:00,142.25999450683594,142.3350067138672,142.25999450683594,142.3000030517578,142.3000030517578,750
2023-03-08 10:36:00-05:00,142.39500427246094,142.39500427246094,142.39500427246094,142.39500427246094,142.39500427246094,112
2023-03-08 10:37:00-05:00,142.32000732421875,142.32000732421875,142.0399932861328,142.0399932861328,142.0399932861328,3009
2023-03-08 10:38:00-05:00,141.97999572753906,141.98500061035156,141.9499969482422,141.9499969482422,141.9499969482422,2384
2023-03-08 10:39:00-05:00,141.96499633789062,141.9949951171875,141.89999389648438,141.89999389648438,141.89999389648438,1007
2023-03-08 10:40:00-05:00,141.8699951171875,141.9499969482422,141.8699951171875,141.94000244140625,141.94000244140625,932
2023-03-08 10:41:00-05:00,141.9199981689453,141.97999572753906,141.9199981689453,141.94500732421875,141.94500732421875,855
2023-03-08 10:42:00-05:00,141.97000122070312,141.97000122070312,141.97000122070312,141.97000122070312,141.97000122070312,1210
2023-03-08 10:43:00-05:00,141.9550018310547,141.96499633789062,141.77000427246094,141.93499755859375,141.93499755859375,3309
2023-03-08 10:44:00-05:00,141.83999633789062,141.94000244140625,141.83999633789062,141.85000610351562,141.85000610351562,889
2023-03-08 10:45:00-05:00,141.85000610351562,141.94000244140625,141.75999450683594,141.75999450683594,141.75999450683594,891
2023-03-08 10:46:00-05:00,141.89500427246094,142.08999633789062,141.89500427246094,142.08999633789062,142.08999633789062,1506
2023-03-08 10:47:00-05:00,142.10499572753906,142.1300048828125,141.97999572753906,141.97999572753906,141.97999572753906,1352
2023-03-08 10:48:00-05:00,142.11500549316406,142.11500549316406,142.11500549316406,142.11500549316406,142.11500549316406,307
2023-03-08 10:49:00-05:00,141.9499969482422,141.97500610351562,141.94000244140625,141.9499969482422,141.9499969482422,934
2023-03-08 10:50:00-05:00,141.83999633789062,141.92999267578125,141.8300018310547,141.9199981689453,141.9199981689453,1324
2023-03-08 10:51:00-05:00,141.9499969482422,142.0,141.9499969482422,142.0,142.0,647
2023-03-08 10:52:00-05:00,142.0,142.0,141.99000549316406,141.99000549316406,141.99000549316406,784
2023-03-08 10:53:00-05:00,141.8887939453125,142.00999450683594,141.8887939453125,142.00999450683594,142.00999450683594,1676
2023-03-08 10:54:00-05:00,141.99000549316406,141.99000549316406,141.94000244140625,141.94000244140625,141.94000244140625,926
2023-03-08 10:55:00-05:00,141.89999389648438,141.92999267578125,141.88499450683594,141.92999267578125,141.92999267578125,508
2023-03-08 10:56:00-05:00,142.03500366210938,142.0399932861328,141.97000122070312,142.0,142.0,1653
2023-03-08 10:59:00-05:00,142.13999938964844,142.13999938964844,142.13999938964844,142.13999938964844,142.13999938964844,2032
2023-03-08 11:00:00-05:00,142.22000122070312,142.2550048828125,142.22000122070312,142.2550048828125,142.2550048828125,361
2023-03-08 11:01:00-05:00,142.2449951171875,142.2449951171875,142.2449951171875,142.2449951171875,142.2449951171875,320
2023-03-08 11:03:00-05:00,142.21499633789062,142.30499267578125,142.21499633789062,142.30499267578125,142.30499267578125,426
2023-03-08 11:04:00-05:00,142.36000061035156,142.36000061035156,142.36000061035156,142.36000061035156,142.36000061035156,314
2023-03-08 11:05:00-05:00,142.2100067138672,142.2100067138672,142.2100067138672,142.2100067138672,142.2100067138672,202
2023-03-08 11:07:00-05:00,142.42999267578125,142.42999267578125,142.42999267578125,142.42999267578125,142.42999267578125,149
2023-03-08 11:08:00-05:00,142.4250030517578,142.4250030517578,142.4250030517578,142.4250030517578,142.4250030517578,167
2023-03-08 11:09:00-05:00,142.44000244140625,142.44000244140625,142.44000244140625,142.44000244140625,142.44000244140625,184
2023-03-08 11:11:00-05:00,142.52000427246094,142.52000427246094,142.52000427246094,142.52000427246094,142.52000427246094,710
2023-03-08 11:12:00-05:00,142.36000061035156,142.36000061035156,142.33999633789062,142.33999633789062,142.33999633789062,1375
2023-03-08 11:15:00-05:00,142.3699951171875,142.41000366210938,142.3699951171875,142.3800048828125,142.3800048828125,450
2023-03-08 11:16:00-05:00,142.49000549316406,142.49000549316406,142.36000061035156,142.49000549316406,142.49000549316406,2723
2023-03-08 11:19:00-05:00,142.38999938964844,142.38999938964844,142.38999938964844,142.38999938964844,142.38999938964844,501
2023-03-08 11:21:00-05:00,142.3300018310547,142.3300018310547,142.3300018310547,142.3300018310547,142.3300018310547,121
2023-03-08 11:22:00-05:00,142.375,142.375,142.30999755859375,142.30999755859375,142.30999755859375,219
2023-03-08 11:23:00-05:00,142.2899932861328,142.2899932861328,142.21009826660156,142.21009826660156,142.21009826660156,413
2023-03-08 11:24:00-05:00,142.28500366210938,142.28500366210938,142.14999389648438,142.14999389648438,142.14999389648438,827
2023-03-08 11:25:00-05:00,142.08999633789062,142.18499755859375,142.08999633789062,142.11000061035156,142.11000061035156,1112
2023-03-08 11:26:00-05:00,142.07000732421875,142.07000732421875,142.05999755859375,142.05999755859375,142.05999755859375,552
2023-03-08 11:27:00-05:00,142.11000061035156,142.11000061035156,142.08999633789062,142.08999633789062,142.08999633789062,747
2023-03-08 11:28:00-05:00,142.02999877929688,142.02999877929688,141.99000549316406,141.99000549316406,141.99000549316406,1837
2023-03-08 11:29:00-05:00,141.97999572753906,141.97999572753906,141.97999572753906,141.97999572753906,141.97999572753906,573
2023-03-08 11:30:00-05:00,142.19500732421875,142.19500732421875,142.19500732421875,142.19500732421875,142.19500732421875,795
2023-03-08 11:35:00-05:00,142.06500244140625,142.0800018310547,141.9600067138672,142.0800018310547,142.0800018310547,2634
2023-03-08 11:36:00-05:00,142.16000366210938,142.17999267578125,142.16000366210938,142.17999267578125,142.17999267578125,511
2023-03-08 11:37:00-05:00,142.1649932861328,142.1649932861328,142.1649932861328,142.1649932861328,142.1649932861328,506
2023-03-08 11:38:00-05:00,142.24000549316406,142.24000549316406,142.1699981689453,142.1699981689453,142.1699981689453,652
2023-03-08 11:39:00-05:00,142.30999755859375,142.32000732421875,142.30999755859375,142.32000732421875,142.32000732421875,479
2023-03-08 11:40:00-05:00,142.3175048828125,142.3175048828125,142.3175048828125,142.3175048828125,142.3175048828125,105
2023-03-08 11:41:00-05:00,142.4250030517578,142.4499969482422,142.4250030517578,142.4499969482422,142.4499969482422,629
2023-03-08 11:42:00-05:00,142.48500061035156,142.48500061035156,142.41000366210938,142.47000122070312,142.47000122070312,806
2023-03-08 11:43:00-05:00,142.5399932861328,142.5399932861328,142.5399932861328,142.5399932861328,142.5399932861328,219
2023-03-08 11:44:00-05:00,142.39999389648438,142.39999389648438,142.38499450683594,142.38499450683594,142.38499450683594,793
2023-03-08 11:45:00-05:00,142.5449981689453,142.5449981689453,142.5449981689453,142.5449981689453,142.5449981689453,586
2023-03-08 11:51:00-05:00,142.88999938964844,142.88999938964844,142.85000610351562,142.85000610351562,142.85000610351562,1050
2023-03-08 11:52:00-05:00,142.83999633789062,142.83999633789062,142.77999877929688,142.77999877929688,142.77999877929688,1695
2023-03-08 11:55:00-05:00,142.9499969482422,142.9499969482422,142.9499969482422,142.9499969482422,142.9499969482422,1105
2023-03-08 11:56:00-05:00,142.86000061035156,142.8699951171875,142.82000732421875,142.82000732421875,142.82000732421875,684
2023-03-08 11:57:00-05:00,142.8000030517578,142.8000030517578,142.8000030517578,142.8000030517578,142.8000030517578,157
2023-03-08 11:58:00-05:00,142.67999267578125,142.67999267578125,142.63999938964844,142.63999938964844,142.63999938964844,588
2023-03-08 11:59:00-05:00,142.55999755859375,142.55999755859375,142.55999755859375,142.55999755859375,142.55999755859375,313
2023-03-08 12:00:00-05:00,142.625,142.6699981689453,142.55999755859375,142.55999755859375,142.55999755859375,1187
2023-03-08 12:02:00-05:00,142.55999755859375,142.55999755859375,142.55999755859375,142.55999755859375,142.55999755859375,195
2023-03-08 12:03:00-05:00,142.52000427246094,142.5399932861328,142.52000427246094,142.5399932861328,142.5399932861328,468
2023-03-08 12:04:00-05:00,142.5800018310547,142.5800018310547,142.50999450683594,142.5800018310547,142.5800018310547,496
2023-03-08 12:05:00-05:00,142.58999633789062,142.58999633789062,142.5500030517578,142.58999633789062,142.58999633789062,1369
2023-03-08 12:06:00-05:00,142.4600067138672,142.4600067138672,142.4600067138672,142.4600067138672,142.4600067138672,164
2023-03-08 12:07:00-05:00,142.4600067138672,142.4600067138672,142.4600067138672,142.4600067138672,142.4600067138672,201
2023-03-08 12:08:00-05:00,142.3300018310547,142.3300018310547,142.3300018310547,142.3300018310547,142.3300018310547,246
2023-03-08 12:09:00-05:00,142.4149932861328,142.4149932861328,142.33999633789062,142.33999633789062,142.33999633789062,375
2023-03-08 12:10:00-05:00,142.25999450683594,142.25999450683594,142.25999450683594,142.25999450683594,142.25999450683594,329
2023-03-08 12:12:00-05:00,142.19000244140625,142.19000244140625,142.08999633789062,142.08999633789062,142.08999633789062,1037
2023-03-08 12:15:00-05:00,142.02000427246094,142.0399932861328,142.02000427246094,142.0399932861328,142.0399932861328,251
2023-03-08 12:16:00-05:00,142.00999450683594,142.05999755859375,141.9949951171875,142.05999755859375,142.05999755859375,915
2023-03-08 12:17:00-05:00,141.9949951171875,142.0135040283203,141.9949951171875,142.0135040283203,142.0135040283203,471
2023-03-08 12:19:00-05:00,142.02999877929688,142.14999389648438,142.02999877929688,142.14999389648438,142.14999389648438,1211
2023-03-08 12:21:00-05:00,142.0749969482422,142.0749969482422,142.0749969482422,142.0749969482422,142.0749969482422,309
2023-03-08 12:22:00-05:00,142.0,142.0,142.0,142.0,142.0,930
2023-03-08 12:23:00-05:00,142.02999877929688,142.02999877929688,142.02999877929688,142.02999877929688,142.02999877929688,264
2023-03-08 12:24:00-05:00,142.11500549316406,142.11500549316406,142.11500549316406,142.11500549316406,142.11500549316406,227
2023-03-08 12:26:00-05:00,141.95010375976562,141.95010375976562,141.9499969482422,141.9499969482422,141.9499969482422,1258
2023-03-08 12:27:00-05:00,142.05999755859375,142.21499633789062,142.0,142.21499633789062,142.21499633789062,2015
2023-03-08 12:28:00-05:00,142.11000061035156,142.11000061035156,142.0800018310547,142.0800018310547,142.0800018310547,610
2023-03-08 12:31:00-05:00,142.0,142.0,141.91000366210938,141.91000366210938,141.91000366210938,974
2023-03-08 12:32:00-05:00,141.97999572753906,142.0,141.90499877929688,141.99000549316406,141.99000549316406,950
2023-03-08 12:33:00-05:00,141.94000244140625,141.9600067138672,141.9199981689453,141.9550018310547,141.9550018310547,790
2023-03-08 12:34:00-05:00,141.96499633789062,141.96499633789062,141.96499633789062,141.96499633789062,141.96499633789062,115
2023-03-08 12:35:00-05:00,142.03500366210938,142.03500366210938,142.03500366210938,142.03500366210938,142.03500366210938,137
2023-03-08 12:36:00-05:00,142.0749969482422,142.1300048828125,142.0749969482422,142.1300048828125,142.1300048828125,1007
2023-03-08 12:40:00-05:00,142.23500061035156,142.23500061035156,142.23500061035156,142.23500061035156,142.23500061035156,174
2023-03-08 12:42:00-05:00,142.16000366210938,142.16000366210938,142.16000366210938,142.16000366210938,142.16000366210938,597
2023-03-08 12:48:00-05:00,142.11000061035156,142.11000061035156,142.08999633789062,142.08999633789062,142.08999633789062,519
2023-03-08 12:50:00-05:00,142.125,142.17999267578125,142.125,142.17999267578125,142.17999267578125,520
2023-03-08 12:51:00-05:00,142.0500030517578,142.0500030517578,142.0500030517578,142.0500030517578,142.0500030517578,201
2023-03-08 12:52:00-05:00,142.0800018310547,142.0800018310547,142.0800018310547,142.0800018310547,142.0800018310547,180
2023-03-08 12:53:00-05:00,142.08999633789062,142.10000610351562,142.08999633789062,142.10000610351562,142.10000610351562,713
2023-03-08 12:54:00-05:00,142.00999450683594,142.00999450683594,141.97999572753906,141.99000549316406,141.99000549316406,870
2023-03-08 12:55:00-05:00,141.97999572753906,142.0,141.97000122070312,141.99000549316406,141.99000549316406,1336
2023-03-08 12:56:00-05:00,141.93499755859375,142.02999877929688,141.89999389648438,141.9550018310547,141.9550018310547,8166
2023-03-08 12:57:00-05:00,141.9824981689453,141.9824981689453,141.9824981689453,141.9824981689453,141.9824981689453,141
2023-03-08 12:58:00-05:00,142.08999633789062,142.08999633789062,141.9949951171875,141.9949951171875,141.9949951171875,308
2023-03-08 12:59:00-05:00,141.9949951171875,142.0,141.9949951171875,142.0,142.0,2012
2023-03-08 13:00:00-05:00,141.9499969482422,142.0,141.91000366210938,141.9149932861328,141.9149932861328,2325
2023-03-08 13:01:00-05:00,142.0,142.0,141.94000244140625,141.94000244140625,141.94000244140625,952
2023-03-08 13:02:00-05:00,141.9949951171875,141.9949951171875,141.90499877929688,141.97000122070312,141.97000122070312,1851
2023-03-08 13:03:00-05:00,141.97000122070312,142.00999450683594,141.97000122070312,142.00999450683594,142.00999450683594,869
2023-03-08 13:04:00-05:00,142.0,142.0,141.92999267578125,141.97999572753906,141.97999572753906,1490
2023-03-08 13:05:00-05:00,141.99000549316406,142.02000427246094,141.9499969482422,141.9499969482422,141.9499969482422,1556
2023-03-08 13:06:00-05:00,142.0,142.0399932861328,141.97999572753906,142.02000427246094,142.02000427246094,1210
2023-03-08 13:07:00-05:00,142.0,142.0,141.9199981689453,141.9499969482422,141.9499969482422,1757
2023-03-08 13:08:00-05:00,141.94000244140625,141.94000244140625,141.8800048828125,141.91000366210938,141.91000366210938,1293
2023-03-08 13:09:00-05:00,141.9600067138672,141.9600067138672,141.9600067138672,141.9600067138672,141.9600067138672,219
2023-03-08 13:10:00-05:00,141.9499969482422,141.9499969482422,141.9499969482422,141.9499969482422,141.9499969482422,523
2023-03-08 13:11:00-05:00,141.97999572753906,142.0,141.89999389648438,141.99000549316406,141.99000549316406,1426
2023-03-08 13:12:00-05:00,141.99000549316406,142.0399932861328,141.99000549316406,142.0299072265625,142.0299072265625,512
2023-03-08 13:14:00-05:00,142.0500030517578,142.0500030517578,142.0500030517578,142.0500030517578,142.0500030517578,214
2023-03-08 13:15:00-05:00,142.0,142.0,141.9199981689453,142.0,142.0,1618
2023-03-08 13:16:00-05:00,141.98500061035156,141.98500061035156,141.98500061035156,141.98500061035156,141.98500061035156,188
2023-03-08 13:17:00-05:00,142.0,142.0,141.99000549316406,141.99000549316406,141.99000549316406,501
2023-03-08 13:18:00-05:00,142.03500366210938,142.03500366210938,142.03500366210938,142.03500366210938,142.03500366210938,139
2023-03-08 13:19:00-05:00,141.94500732421875,141.9600067138672,141.94500732421875,141.9600067138672,141.9600067138672,2135
2023-03-08 13:20:00-05:00,141.9499969482422,142.0,141.91000366210938,141.91000366210938,141.91000366210938,1380
2023-03-08 13:22:00-05:00,142.0800018310547,142.0800018310547,142.0800018310547,142.0800018310547,142.0800018310547,217
2023-03-08 13:24:00-05:00,142.00999450683594,142.00999450683594,141.99000549316406,141.9949951171875,141.9949951171875,621
2023-03-08 13:25:00-05:00,141.91000366210938,141.9600067138672,141.91000366210938,141.9600067138672,141.9600067138672,540
2023-03-08 13:26:00-05:00,141.91000366210938,141.97500610351562,141.91000366210938,141.97500610351562,141.97500610351562,532
2023-03-08 13:27:00-05:00,141.86000061035156,141.86000061035156,141.86000061035156,141.86000061035156,141.86000061035156,187
2023-03-08 13:28:00-05:00,141.8000030517578,141.8000030517578,141.72500610351562,141.72500610351562,141.72500610351562,512
2023-03-08 13:29:00-05:00,141.71499633789062,141.7899932861328,141.71499633789062,141.7899932861328,141.7899932861328,901
2023-03-08 13:30:00-05:00,141.85000610351562,141.85000610351562,141.85000610351562,141.85000610351562,141.85000610351562,265
2023-03-08 13:31:00-05:00,141.77999877929688,141.82000732421875,141.77000427246094,141.77000427246094,141.77000427246094,872
2023-03-08 13:33:00-05:00,141.7899932861328,141.8699951171875,141.77000427246094,141.8699951171875,141.8699951171875,878
2023-03-08 13:34:00-05:00,141.6999969482422,141.85499572753906,141.6999969482422,141.85499572753906,141.85499572753906,1748
2023-03-08 13:35:00-05:00,141.78500366210938,141.8350067138672,141.6699981689453,141.6699981689453,141.6699981689453,2032
2023-03-08 13:36:00-05:00,141.74000549316406,141.74000549316406,141.72000122070312,141.74000549316406,141.74000549316406,1035
2023-03-08 13:37:00-05:00,141.74000549316406,141.75999450683594,141.7100067138672,141.75999450683594,141.75999450683594,621
2023-03-08 13:38:00-05:00,141.7100067138672,141.7100067138672,141.7100067138672,141.7100067138672,141.7100067138672,124
2023-03-08 13:39:00-05:00,141.72999572753906,141.72999572753906,141.72999572753906,141.72999572753906,141.72999572753906,620
2023-03-08 13:40:00-05:00,141.6999969482422,141.75,141.60000610351562,141.75,141.75,2072
2023-03-08 13:41:00-05:00,141.69500732421875,141.74000549316406,141.69500732421875,141.74000549316406,141.74000549316406,764
2023-03-08 13:45:00-05:00,141.71499633789062,141.71499633789062,141.67999267578125,141.67999267578125,141.67999267578125,447
2023-03-08 13:46:00-05:00,141.72500610351562,141.75999450683594,141.72500610351562,141.75999450683594,141.75999450683594,437
2023-03-08 13:47:00-05:00,141.72500610351562,141.72500610351562,141.67999267578125,141.72250366210938,141.72250366210938,1667
2023-03-08 13:48:00-05:00,141.7050018310547,141.72000122070312,141.7050018310547,141.72000122070312,141.72000122070312,389
2023-03-08 13:49:00-05:00,141.68499755859375,141.75,141.63999938964844,141.75,141.75,2449
2023-03-08 13:50:00-05:00,141.7100067138672,141.74000549316406,141.6199951171875,141.64999389648438,141.64999389648438,3277
2023-03-08 13:51:00-05:00,141.7100067138672,141.7100067138672,141.7100067138672,141.7100067138672,141.7100067138672,200
2023-03-08 13:53:00-05:00,141.75,141.8300018310547,141.72000122070312,141.8300018310547,141.8300018310547,689
2023-03-08 13:55:00-05:00,141.7449951171875,141.7449951171875,141.7449951171875,141.7449951171875,141.7449951171875,129
2023-03-08 13:56:00-05:00,141.75,141.75,141.75,141.75,141.75,301
2023-03-08 13:57:00-05:00,141.75,141.77000427246094,141.72000122070312,141.77000427246094,141.77000427246094,2122
2023-03-08 13:58:00-05:00,141.77749633789062,141.77749633789062,141.75,141.75,141.75,342
2023-03-08 13:59:00-05:00,141.77499389648438,141.82000732421875,141.77499389648438,141.82000732421875,141.82000732421875,640
2023-03-08 14:00:00-05:00,141.81500244140625,141.88999938964844,141.81500244140625,141.88800048828125,141.88800048828125,824
2023-03-08 14:01:00-05:00,141.90249633789062,141.90249633789062,141.82000732421875,141.82000732421875,141.82000732421875,269
2023-03-08 14:02:00-05:00,141.90499877929688,141.90499877929688,141.75,141.75,141.75,1461
2023-03-08 14:03:00-05:00,141.7100067138672,141.7100067138672,141.7100067138672,141.7100067138672,141.7100067138672,326
2023-03-08 14:05:00-05:00,141.72999572753906,141.75,141.72999572753906,141.73500061035156,141.73500061035156,980
2023-03-08 14:06:00-05:00,141.74000549316406,141.75,141.68499755859375,141.74000549316406,141.74000549316406,1361
2023-03-08 14:07:00-05:00,141.72999572753906,141.75,141.72999572753906,141.75,141.75,538
2023-03-08 14:08:00-05:00,141.72500610351562,141.77999877929688,141.72500610351562,141.77999877929688,141.77999877929688,739
2023-03-08 14:09:00-05:00,141.82000732421875,141.83999633789062,141.82000732421875,141.83999633789062,141.83999633789062,431
2023-03-08 14:10:00-05:00,141.85000610351562,141.85000610351562,141.80999755859375,141.80999755859375,141.80999755859375,210
2023-03-08 14:11:00-05:00,141.85499572753906,141.85499572753906,141.852294921875,141.852294921875,141.852294921875,360
2023-03-08 14:12:00-05:00,141.85499572753906,141.93499755859375,141.85499572753906,141.89999389648438,141.89999389648438,661
2023-03-08 14:13:00-05:00,141.88999938964844,141.88999938964844,141.88999938964844,141.88999938964844,141.88999938964844,339
2023-03-08 14:14:00-05:00,141.8800048828125,141.9949951171875,141.85000610351562,141.9949951171875,141.9949951171875,5272
2023-03-08 14:15:00-05:00,142.05499267578125,142.0574951171875,142.05499267578125,142.0574951171875,142.0574951171875,880
2023-03-08 14:16:00-05:00,141.97000122070312,142.0399932861328,141.9199981689453,141.9199981689453,141.9199981689453,1619
2023-03-08 14:17:00-05:00,141.94000244140625,142.0,141.94000244140625,141.94500732421875,141.94500732421875,2208
2023-03-08 14:18:00-05:00,141.99000549316406,141.99000549316406,141.99000549316406,141.99000549316406,141.99000549316406,107
2023-03-08 14:19:00-05:00,141.99000549316406,141.9949951171875,141.99000549316406,141.9949951171875,141.9949951171875,498
2023-03-08 14:20:00-05:00,141.97999572753906,141.97999572753906,141.97999572753906,141.97999572753906,141.97999572753906,326
2023-03-08 14:22:00-05:00,141.97000122070312,141.99000549316406,141.9600067138672,141.99000549316406,141.99000549316406,836
2023-03-08 14:23:00-05:00,141.98500061035156,141.98500061035156,141.92999267578125,141.92999267578125,141.92999267578125,1579
2023-03-08 14:24:00-05:00,141.92999267578125,141.92999267578125,141.91000366210938,141.91000366210938,141.91000366210938,359
2023-03-08 14:25:00-05:00,141.89500427246094,141.9600067138672,141.8699951171875,141.9600067138672,141.9600067138672,908
2023-03-08 14:26:00-05:00,141.92999267578125,141.93499755859375,141.92999267578125,141.93499755859375,141.93499755859375,805
2023-03-08 14:28:00-05:00,141.92999267578125,141.9600067138672,141.9199981689453,141.94000244140625,141.94000244140625,1539
2023-03-08 14:29:00-05:00,141.9550018310547,142.02999877929688,141.9550018310547,142.0,142.0,1555
2023-03-08 14:30:00-05:00,141.9499969482422,142.0,141.9499969482422,141.9600067138672,141.9600067138672,1361
2023-03-08 14:32:00-05:00,142.03500366210938,142.03500366210938,141.96499633789062,141.96499633789062,141.96499633789062,366
2023-03-08 14:33:00-05:00,141.94749450683594,141.99000549316406,141.88999938964844,141.92999267578125,141.92999267578125,4257
2023-03-08 14:35:00-05:00,141.94000244140625,141.94000244140625,141.91000366210938,141.91000366210938,141.91000366210938,458
2023-03-08 14:36:00-05:00,141.97500610351562,141.97500610351562,141.9600067138672,141.9600067138672,141.9600067138672,1384
2023-03-08 14:37:00-05:00,141.9600067138672,141.9600067138672,141.9600067138672,141.9600067138672,141.9600067138672,409
2023-03-08 14:38:00-05:00,141.9600067138672,142.02000427246094,141.9600067138672,142.02000427246094,142.02000427246094,1424
2023-03-08 14:40:00-05:00,141.98150634765625,142.0,141.98150634765625,142.0,142.0,348
2023-03-08 14:41:00-05:00,142.0,142.0,141.94000244140625,141.9550018310547,141.9550018310547,1760
2023-03-08 14:42:00-05:00,141.93499755859375,141.99000549316406,141.91000366210938,141.96499633789062,141.96499633789062,2595
2023-03-08 14:43:00-05:00,141.9499969482422,142.02499389648438,141.94500732421875,142.02499389648438,142.02499389648438,1016
2023-03-08 14:44:00-05:00,141.97500610351562,141.97500610351562,141.97500610351562,141.97500610351562,141.97500610351562,260
2023-03-08 14:45:00-05:00,141.97500610351562,141.97500610351562,141.9600067138672,141.9600067138672,141.9600067138672,426
2023-03-08 14:46:00-05:00,141.9499969482422,141.97999572753906,141.9499969482422,141.97999572753906,141.97999572753906,500
2023-03-08 14:47:00-05:00,141.97000122070312,141.97000122070312,141.96499633789062,141.96499633789062,141.96499633789062,425
2023-03-08 14:49:00-05:00,141.97999572753906,141.97999572753906,141.9199981689453,141.92999267578125,141.92999267578125,1685
2023-03-08 14:50:00-05:00,141.9250030517578,141.92999267578125,141.8800048828125,141.9199981689453,141.9199981689453,2953
2023-03-08 14:51:00-05:00,141.86000061035156,141.89999389648438,141.82000732421875,141.89999389648438,141.89999389648438,2352
2023-03-08 14:52:00-05:00,141.9600067138672,141.96499633789062,141.9550018310547,141.96499633789062,141.96499633789062,435
2023-03-08 14:54:00-05:00,141.97500610351562,141.97500610351562,141.97500610351562,141.97500610351562,141.97500610351562,118
2023-03-08 14:55:00-05:00,141.94000244140625,142.0500030517578,141.92999267578125,142.02999877929688,142.02999877929688,2408
2023-03-08 14:56:00-05:00,142.00999450683594,142.00999450683594,141.98500061035156,141.9949951171875,141.9949951171875,2354
2023-03-08 14:57:00-05:00,141.94500732421875,141.99000549316406,141.94500732421875,141.99000549316406,141.99000549316406,513
2023-03-08 14:58:00-05:00,141.97500610351562,141.97500610351562,141.94000244140625,141.94000244140625,141.94000244140625,790
2023-03-08 14:59:00-05:00,141.97000122070312,141.97000122070312,141.94000244140625,141.94000244140625,141.94000244140625,536
2023-03-08 15:00:00-05:00,142.02999877929688,142.03500366210938,141.99000549316406,141.99000549316406,141.99000549316406,1015
2023-03-08 15:01:00-05:00,142.02000427246094,142.02000427246094,141.91000366210938,141.9550018310547,141.9550018310547,1499
2023-03-08 15:02:00-05:00,141.96499633789062,141.96499633789062,141.82000732421875,141.82749938964844,141.82749938964844,3511
2023-03-08 15:03:00-05:00,141.8699951171875,141.89999389648438,141.8699951171875,141.89999389648438,141.89999389648438,959
2023-03-08 15:04:00-05:00,141.83529663085938,142.02999877929688,141.83529663085938,142.02999877929688,142.02999877929688,2649
2023-03-08 15:05:00-05:00,141.92999267578125,142.0,141.92999267578125,141.96499633789062,141.96499633789062,2660
2023-03-08 15:08:00-05:00,141.94000244140625,142.0050048828125,141.92999267578125,141.97000122070312,141.97000122070312,3066
2023-03-08 15:09:00-05:00,142.02999877929688,142.0500030517578,142.02499389648438,142.02999877929688,142.02999877929688,1568
2023-03-08 15:10:00-05:00,142.0,142.0,142.0,142.0,142.0,708
2023-03-08 15:11:00-05:00,141.99000549316406,142.0395050048828,141.99000549316406,142.0395050048828,142.0395050048828,487
2023-03-08 15:13:00-05:00,142.0,142.0,141.9600067138672,141.9949951171875,141.9949951171875,759
2023-03-08 15:14:00-05:00,141.99000549316406,142.0,141.97999572753906,142.0,142.0,1061
2023-03-08 15:15:00-05:00,142.0,142.02999877929688,141.94000244140625,141.96499633789062,141.96499633789062,2804
2023-03-08 15:16:00-05:00,141.98500061035156,141.98500061035156,141.98500061035156,141.98500061035156,141.98500061035156,524
2023-03-08 15:17:00-05:00,141.98500061035156,141.98500061035156,141.94900512695312,141.98500061035156,141.98500061035156,498
2023-03-08 15:18:00-05:00,141.98500061035156,141.98500061035156,141.98500061035156,141.98500061035156,141.98500061035156,373
2023-03-08 15:19:00-05:00,142.0,142.0,142.0,142.0,142.0,394
2023-03-08 15:20:00-05:00,141.97000122070312,142.0500030517578,141.97000122070312,141.99000549316406,141.99000549316406,4727
2023-03-08 15:21:00-05:00,141.98500061035156,141.98500061035156,141.94000244140625,141.98500061035156,141.98500061035156,760
2023-03-08 15:22:00-05:00,141.9600067138672,141.9600067138672,141.85000610351562,141.85000610351562,141.85000610351562,1302
2023-03-08 15:23:00-05:00,141.8000030517578,141.80999755859375,141.72999572753906,141.80999755859375,141.80999755859375,1960
2023-03-08 15:24:00-05:00,141.66000366210938,141.66000366210938,141.60000610351562,141.61000061035156,141.61000061035156,668
2023-03-08 15:25:00-05:00,141.66000366210938,141.6699981689453,141.6300048828125,141.6699981689453,141.6699981689453,1444
2023-03-08 15:26:00-05:00,141.6999969482422,141.75,141.6999969482422,141.75,141.75,949
2023-03-08 15:27:00-05:00,141.8000030517578,141.8000030517578,141.8000030517578,141.8000030517578,141.8000030517578,300
2023-03-08 15:29:00-05:00,141.82000732421875,141.82000732421875,141.82000732421875,141.82000732421875,141.82000732421875,203
2023-03-08 15:30:00-05:00,141.77999877929688,141.85000610351562,141.77999877929688,141.85000610351562,141.85000610351562,614
2023-03-08 15:31:00-05:00,141.8000030517578,141.84500122070312,141.7899932861328,141.7899932861328,141.7899932861328,992
2023-03-08 15:32:00-05:00,141.7550048828125,141.7899932861328,141.72999572753906,141.7899932861328,141.7899932861328,1143
2023-03-08 15:33:00-05:00,141.77000427246094,141.77000427246094,141.75,141.75,141.75,369
2023-03-08 15:35:00-05:00,141.75999450683594,141.8000030517578,141.72999572753906,141.8000030517578,141.8000030517578,1894
2023-03-08 15:36:00-05:00,141.81500244140625,141.85499572753906,141.81500244140625,141.85499572753906,141.85499572753906,645
2023-03-08 15:37:00-05:00,141.86000061035156,141.91000366210938,141.86000061035156,141.90499877929688,141.90499877929688,1453
2023-03-08 15:38:00-05:00,141.94000244140625,141.94000244140625,141.86000061035156,141.88999938964844,141.88999938964844,1692
2023-03-08 15:39:00-05:00,141.85000610351562,141.85000610351562,141.77999877929688,141.77999877929688,141.77999877929688,1125
2023-03-08 15:40:00-05:00,141.82000732421875,141.82000732421875,141.7899932861328,141.7899932861328,141.7899932861328,620
2023-03-08 15:41:00-05:00,141.82000732421875,141.82000732421875,141.82000732421875,141.82000732421875,141.82000732421875,1092
2023-03-08 15:42:00-05:00,141.80999755859375,141.94000244140625,141.8000030517578,141.94000244140625,141.94000244140625,4334
2023-03-08 15:43:00-05:00,141.97999572753906,142.00999450683594,141.97500610351562,142.00999450683594,142.00999450683594,1338
2023-03-08 15:44:00-05:00,142.0500030517578,142.1699981689453,142.0500030517578,142.13999938964844,142.13999938964844,2607
2023-03-08 15:45:00-05:00,142.08999633789062,142.1199951171875,142.05999755859375,142.11000061035156,142.11000061035156,1361
2023-03-08 15:46:00-05:00,142.13999938964844,142.17999267578125,142.13999938964844,142.17999267578125,142.17999267578125,1824
2023-03-08 15:47:00-05:00,142.1300048828125,142.1300048828125,142.0500030517578,142.05259704589844,142.05259704589844,1938
2023-03-08 15:48:00-05:00,142.0500030517578,142.10000610351562,142.0500030517578,142.07000732421875,142.07000732421875,1206
2023-03-08 15:49:00-05:00,142.11000061035156,142.11000061035156,141.97500610351562,142.00999450683594,142.00999450683594,5435
2023-03-08 15:50:00-05:00,142.02999877929688,142.05499267578125,141.97000122070312,141.97000122070312,141.97000122070312,2833
2023-03-08 15:51:00-05:00,141.99000549316406,142.07000732421875,141.99000549316406,142.0500030517578,142.0500030517578,2782
2023-03-08 15:52:00-05:00,142.05960083007812,142.1999969482422,142.05960083007812,142.16000366210938,142.16000366210938,3911
2023-03-08 15:53:00-05:00,142.19000244140625,142.2449951171875,142.19000244140625,142.2100067138672,142.2100067138672,2348
2023-03-08 15:54:00-05:00,142.2100067138672,142.24000549316406,142.17999267578125,142.22500610351562,142.22500610351562,5318
2023-03-08 15:55:00-05:00,142.25,142.3800048828125,142.25,142.3699951171875,142.3699951171875,4856
2023-03-08 15:56:00-05:00,142.3800048828125,142.39999389648438,142.30499267578125,142.30499267578125,142.30499267578125,7001
2023-03-08 15:57:00-05:00,142.28500366210938,142.3699951171875,142.28500366210938,142.3699951171875,142.3699951171875,11815
2023-03-08 15:58:00-05:00,142.38499450683594,142.44000244140625,142.38499450683594,142.42999267578125,142.42999267578125,9078
2023-03-08 15:59:00-05:00,142.39999389648438,142.49000549316406,142.3800048828125,142.4199981689453,142.4199981689453,15051
2023-03-09 09:30:00-05:00,143.25,143.25,143.0850067138672,143.0850067138672,143.0850067138672,5264
2023-03-09 09:34:00-05:00,143.36500549316406,143.4600067138672,143.36500549316406,143.4600067138672,143.4600067138672,1120
2023-03-09 09:39:00-05:00,143.4199981689453,143.4199981689453,143.4199981689453,143.4199981689453,143.4199981689453,444
2023-03-09 09:41:00-05:00,143.2899932861328,143.4199981689453,143.24000549316406,143.27499389648438,143.27499389648438,3348
2023-03-09 09:42:00-05:00,143.1300048828125,143.1300048828125,143.0800018310547,143.1300048828125,143.1300048828125,631
2023-03-09 09:44:00-05:00,143.10000610351562,143.10000610351562,143.0800018310547,143.0800018310547,143.0800018310547,1247
2023-03-09 09:47:00-05:00,143.25999450683594,143.30499267578125,143.25999450683594,143.30499267578125,143.30499267578125,1248
2023-03-09 09:53:00-05:00,143.25,143.30999755859375,143.11749267578125,143.1699981689453,143.1699981689453,3257
2023-03-09 09:54:00-05:00,143.27999877929688,143.27999877929688,143.27999877929688,143.27999877929688,143.27999877929688,444
2023-03-09 09:56:00-05:00,143.33999633789062,143.33999633789062,143.33999633789062,143.33999633789062,143.33999633789062,126
2023-03-09 09:57:00-05:00,143.16409301757812,143.16409301757812,143.16409301757812,143.16409301757812,143.16409301757812,485
2023-03-09 10:00:00-05:00,143.36000061035156,143.36000061035156,143.2899932861328,143.2899932861328,143.2899932861328,1210
2023-03-09 10:01:00-05:00,143.41000366210938,143.41000366210938,143.41000366210938,143.41000366210938,143.41000366210938,176
2023-03-09 10:02:00-05:00,143.4199981689453,143.4199981689453,143.4199981689453,143.4199981689453,143.4199981689453,140
2023-03-09 10:03:00-05:00,143.44500732421875,143.44500732421875,143.44500732421875,143.44500732421875,143.44500732421875,919
2023-03-09 10:07:00-05:00,143.6199951171875,143.6199951171875,143.50999450683594,143.50999450683594,143.50999450683594,1823
2023-03-09 10:08:00-05:00,143.39999389648438,143.39999389648438,143.39999389648438,143.39999389648438,143.39999389648438,100
2023-03-09 10:09:00-05:00,143.39999389648438,143.39999389648438,143.25999450683594,143.30999755859375,143.30999755859375,710
2023-03-09 10:10:00-05:00,143.4499969482422,143.4499969482422,143.4499969482422,143.4499969482422,143.4499969482422,499
2023-03-09 10:11:00-05:00,143.4600067138672,143.4600067138672,143.28500366210938,143.28500366210938,143.28500366210938,1687
2023-03-09 10:12:00-05:00,143.28500366210938,143.36000061035156,143.28500366210938,143.36000061035156,143.36000061035156,857
2023-03-09 10:14:00-05:00,143.3699951171875,143.3699951171875,143.3699951171875,143.3699951171875,143.3699951171875,222
2023-03-09 10:16:00-05:00,143.2899932861328,143.30999755859375,143.2899932861328,143.30999755859375,143.30999755859375,1106
2023-03-09 10:17:00-05:00,143.28500366210938,143.32000732421875,143.27999877929688,143.32000732421875,143.32000732421875,2191
2023-03-09 10:18:00-05:00,143.30999755859375,143.3699951171875,143.30999755859375,143.3699951171875,143.3699951171875,449
2023-03-09 10:19:00-05:00,143.3350067138672,143.3699951171875,143.3350067138672,143.3699951171875,143.3699951171875,296
2023-03-09 10:20:00-05:00,143.33999633789062,143.44000244140625,143.33999633789062,143.44000244140625,143.44000244140625,1507
2023-03-09 10:21:00-05:00,143.4600067138672,143.4600067138672,143.38999938964844,143.42999267578125,143.42999267578125,2265
2023-03-09 10:22:00-05:00,143.41000366210938,143.4600067138672,143.37100219726562,143.4600067138672,143.4600067138672,2728
2023-03-09 10:23:00-05:00,143.48500061035156,143.66000366210938,143.48500061035156,143.66000366210938,143.66000366210938,396
2023-03-09 10:24:00-05:00,143.64999389648438,143.64999389648438,143.64999389648438,143.64999389648438,143.64999389648438,145
2023-03-09 10:25:00-05:00,143.47000122070312,143.4949951171875,143.47000122070312,143.4949951171875,143.4949951171875,904
2023-03-09 10:26:00-05:00,143.4949951171875,143.4949951171875,143.47500610351562,143.47500610351562,143.47500610351562,856
2023-03-09 10:27:00-05:00,143.50999450683594,143.5399932861328,143.50999450683594,143.5399932861328,143.5399932861328,640
2023-03-09 10:28:00-05:00,143.5500030517578,143.5500030517578,143.4199981689453,143.4199981689453,143.4199981689453,2877
2023-03-09 10:29:00-05:00,143.47999572753906,143.47999572753906,143.47999572753906,143.47999572753906,143.47999572753906,378
2023-03-09 10:30:00-05:00,143.52999877929688,143.5449981689453,143.52999877929688,143.5449981689453,143.5449981689453,808
2023-03-09 10:32:00-05:00,143.5655975341797,143.61000061035156,143.5655975341797,143.61000061035156,143.61000061035156,678
2023-03-09 10:34:00-05:00,143.55999755859375,143.61000061035156,143.55999755859375,143.61000061035156,143.61000061035156,655
2023-03-09 10:36:00-05:00,143.60169982910156,143.60169982910156,143.60169982910156,143.60169982910156,143.60169982910156,819
2023-03-09 10:38:00-05:00,143.77999877929688,143.77999877929688,143.77999877929688,143.77999877929688,143.77999877929688,104
2023-03-09 10:39:00-05:00,143.7100067138672,143.7100067138672,143.7100067138672,143.7100067138672,143.7100067138672,328
2023-03-09 10:41:00-05:00,143.6820068359375,143.6820068359375,143.6820068359375,143.6820068359375,143.6820068359375,651
2023-03-09 10:42:00-05:00,143.63999938964844,143.63999938964844,143.63999938964844,143.63999938964844,143.63999938964844,800
2023-03-09 10:43:00-05:00,143.61000061035156,143.61000061035156,143.44000244140625,143.5,143.5,2907
2023-03-09 10:44:00-05:00,143.5800018310547,143.5800018310547,143.57749938964844,143.57749938964844,143.57749938964844,282
2023-03-09 10:45:00-05:00,143.58999633789062,143.66000366210938,143.58999633789062,143.64999389648438,143.64999389648438,1475
2023-03-09 10:49:00-05:00,143.63999938964844,143.63999938964844,143.63999938964844,143.63999938964844,143.63999938964844,2011
2023-03-09 10:51:00-05:00,143.71499633789062,143.75999450683594,143.71499633789062,143.75999450683594,143.75999450683594,555
2023-03-09 10:52:00-05:00,143.82009887695312,143.82009887695312,143.82009887695312,143.82009887695312,143.82009887695312,381
2023-03-09 10:53:00-05:00,143.6999969482422,143.6999969482422,143.6999969482422,143.6999969482422,143.6999969482422,144
2023-03-09 10:54:00-05:00,143.7100067138672,143.7100067138672,143.7100067138672,143.7100067138672,143.7100067138672,712
2023-03-09 10:56:00-05:00,143.64999389648438,143.64999389648438,143.6199951171875,143.6199951171875,143.6199951171875,892
2023-03-09 10:57:00-05:00,143.66000366210938,143.66000366210938,143.66000366210938,143.66000366210938,143.66000366210938,100
2023-03-09 10:58:00-05:00,143.60499572753906,143.75,143.60499572753906,143.75,143.75,1007
2023-03-09 10:59:00-05:00,143.4949951171875,143.4949951171875,143.4949951171875,143.4949951171875,143.4949951171875,1369
2023-03-09 11:00:00-05:00,143.5998992919922,143.5998992919922,143.5998992919922,143.5998992919922,143.5998992919922,3325
2023-03-09 11:06:00-05:00,143.52999877929688,143.52999877929688,143.5,143.5,143.5,1688
2023-03-09 11:07:00-05:00,143.5,143.5500030517578,143.5,143.5500030517578,143.5500030517578,1947
2023-03-09 11:08:00-05:00,143.50999450683594,143.547607421875,143.50999450683594,143.52000427246094,143.52000427246094,833
2023-03-09 11:09:00-05:00,143.5399932861328,143.59500122070312,143.5399932861328,143.57000732421875,143.57000732421875,1576
2023-03-09 11:10:00-05:00,143.5800018310547,143.5800018310547,143.57000732421875,143.57000732421875,143.57000732421875,677
2023-03-09 11:11:00-05:00,143.52000427246094,143.56500244140625,143.4600067138672,143.5500030517578,143.5500030517578,2648
2023-03-09 11:13:00-05:00,143.5,143.5,143.5,143.5,143.5,432
2023-03-09 11:14:00-05:00,143.52999877929688,143.55149841308594,143.52999877929688,143.55149841308594,143.55149841308594,1439
2023-03-09 11:15:00-05:00,143.53500366210938,143.5399932861328,143.53500366210938,143.5399932861328,143.5399932861328,230
2023-03-09 11:16:00-05:00,143.53500366210938,143.53500366210938,143.53500366210938,143.53500366210938,143.53500366210938,424
2023-03-09 11:17:00-05:00,143.4949951171875,143.4949951171875,143.4949951171875,143.4949951171875,143.4949951171875,135
2023-03-09 11:18:00-05:00,143.4949951171875,143.4949951171875,143.4949951171875,143.4949951171875,143.4949951171875,172
2023-03-09 11:19:00-05:00,143.5,143.5,143.47999572753906,143.47999572753906,143.47999572753906,1724
2023-03-09 11:20:00-05:00,143.50999450683594,143.50999450683594,143.48500061035156,143.5,143.5,1263
2023-03-09 11:21:00-05:00,143.5500030517578,143.5500030517578,143.5500030517578,143.5500030517578,143.5500030517578,1144
2023-03-09 11:22:00-05:00,143.5,143.52999877929688,143.5,143.52999877929688,143.52999877929688,2099
2023-03-09 11:23:00-05:00,143.5,143.61000061035156,143.47000122070312,143.61000061035156,143.61000061035156,3145
2023-03-09 11:24:00-05:00,143.55999755859375,143.55999755859375,143.52999877929688,143.52999877929688,143.52999877929688,472
2023-03-09 11:25:00-05:00,143.49000549316406,143.5,143.4600067138672,143.4600067138672,143.4600067138672,1228
2023-03-09 11:26:00-05:00,143.42999267578125,143.42999267578125,143.34500122070312,143.34500122070312,143.34500122070312,1766
2023-03-09 11:27:00-05:00,143.30499267578125,143.41000366210938,143.3000030517578,143.41000366210938,143.41000366210938,1886
2023-03-09 11:28:00-05:00,143.41000366210938,143.41000366210938,143.41000366210938,143.41000366210938,143.41000366210938,384
2023-03-09 11:29:00-05:00,143.38999938964844,143.38999938964844,143.38999938964844,143.38999938964844,143.38999938964844,728
2023-03-09 11:30:00-05:00,143.4600067138672,143.4600067138672,143.4600067138672,143.4600067138672,143.4600067138672,431
2023-03-09 11:31:00-05:00,143.49000549316406,143.5399932861328,143.4600067138672,143.4600067138672,143.4600067138672,1657
2023-03-09 11:32:00-05:00,143.47500610351562,143.47500610351562,143.47000122070312,143.47000122070312,143.47000122070312,945
2023-03-09 11:35:00-05:00,143.3800048828125,143.3800048828125,143.3699951171875,143.3699951171875,143.3699951171875,414
2023-03-09 11:36:00-05:00,143.3699951171875,143.38999938964844,143.35000610351562,143.38999938964844,143.38999938964844,911
2023-03-09 11:38:00-05:00,143.43499755859375,143.43499755859375,143.43499755859375,143.43499755859375,143.43499755859375,521
2023-03-09 11:40:00-05:00,143.4499969482422,143.4499969482422,143.4499969482422,143.4499969482422,143.4499969482422,149
2023-03-09 11:41:00-05:00,143.44000244140625,143.44000244140625,143.44000244140625,143.44000244140625,143.44000244140625,254
2023-03-09 11:42:00-05:00,143.47999572753906,143.47999572753906,143.47999572753906,143.47999572753906,143.47999572753906,370
2023-03-09 11:43:00-05:00,143.48500061035156,143.49000549316406,143.48500061035156,143.49000549316406,143.49000549316406,580
2023-03-09 11:44:00-05:00,143.5500030517578,143.58999633789062,143.5500030517578,143.58999633789062,143.58999633789062,1230
2023-03-09 11:45:00-05:00,143.63499450683594,143.6781005859375,143.63499450683594,143.6781005859375,143.6781005859375,260
2023-03-09 11:46:00-05:00,143.66000366210938,143.7270050048828,143.66000366210938,143.7270050048828,143.7270050048828,736
2023-03-09 11:47:00-05:00,143.5500030517578,143.5500030517578,143.52499389648438,143.52499389648438,143.52499389648438,959
2023-03-09 11:48:00-05:00,143.52000427246094,143.58999633789062,143.52000427246094,143.58999633789062,143.58999633789062,1226
2023-03-09 11:49:00-05:00,143.56500244140625,143.56500244140625,143.44000244140625,143.44000244140625,143.44000244140625,1732
2023-03-09 11:50:00-05:00,143.38999938964844,143.47999572753906,143.38999938964844,143.4600067138672,143.4600067138672,1405
2023-03-09 11:53:00-05:00,143.44500732421875,143.44500732421875,143.44000244140625,143.44500732421875,143.44500732421875,458
2023-03-09 11:54:00-05:00,143.44500732421875,143.44500732421875,143.44500732421875,143.44500732421875,143.44500732421875,925
2023-03-09 11:56:00-05:00,143.44500732421875,143.44500732421875,143.3699951171875,143.3699951171875,143.3699951171875,1632
2023-03-09 11:57:00-05:00,143.3699951171875,143.46499633789062,143.3699951171875,143.46499633789062,143.46499633789062,1270
2023-03-09 11:58:00-05:00,143.4499969482422,143.4499969482422,143.4499969482422,143.4499969482422,143.4499969482422,760
2023-03-09 12:01:00-05:00,143.5050048828125,143.5050048828125,143.48500061035156,143.48500061035156,143.48500061035156,334
2023-03-09 12:02:00-05:00,143.4949951171875,143.4949951171875,143.3000030517578,143.33999633789062,143.33999633789062,2308
2023-03-09 12:03:00-05:00,143.36000061035156,143.36000061035156,143.36000061035156,143.36000061035156,143.36000061035156,269
2023-03-09 12:04:00-05:00,143.4250030517578,143.4250030517578,143.35000610351562,143.4250030517578,143.4250030517578,431
2023-03-09 12:05:00-05:00,143.35000610351562,143.35000610351562,143.35000610351562,143.35000610351562,143.35000610351562,231
2023-03-09 12:06:00-05:00,143.36500549316406,143.41000366210938,143.36500549316406,143.41000366210938,143.41000366210938,661
2023-03-09 12:08:00-05:00,143.47500610351562,143.47500610351562,143.47500610351562,143.47500610351562,143.47500610351562,382
2023-03-09 12:09:00-05:00,143.4550018310547,143.4550018310547,143.4550018310547,143.4550018310547,143.4550018310547,302
2023-03-09 12:10:00-05:00,143.4550018310547,143.4550018310547,143.4550018310547,143.4550018310547,143.4550018310547,550
2023-03-09 12:11:00-05:00,143.48500061035156,143.48500061035156,143.48500061035156,143.48500061035156,143.48500061035156,1365
2023-03-09 12:12:00-05:00,143.48500061035156,143.48500061035156,143.48500061035156,143.48500061035156,143.48500061035156,107
2023-03-09 12:13:00-05:00,143.5,143.5,143.5,143.5,143.5,212
2023-03-09 12:14:00-05:00,143.5399932861328,143.5399932861328,143.4949951171875,143.4949951171875,143.4949951171875,219
2023-03-09 12:15:00-05:00,143.5500030517578,143.58999633789062,143.5500030517578,143.58999633789062,143.58999633789062,1021
2023-03-09 12:16:00-05:00,143.63999938964844,143.63999938964844,143.63999938964844,143.63999938964844,143.63999938964844,431
2023-03-09 12:17:00-05:00,143.64999389648438,143.64999389648438,143.5399932861328,143.5399932861328,143.5399932861328,1033
2023-03-09 12:19:00-05:00,143.61500549316406,143.61500549316406,143.61500549316406,143.61500549316406,143.61500549316406,222
2023-03-09 12:21:00-05:00,143.6199951171875,143.6199951171875,143.6199951171875,143.6199951171875,143.6199951171875,179
2023-03-09 12:22:00-05:00,143.60499572753906,143.60499572753906,143.60499572753906,143.60499572753906,143.60499572753906,702
2023-03-09 12:23:00-05:00,143.77999877929688,143.77999877929688,143.7100067138672,143.77999877929688,143.77999877929688,535
2023-03-09 12:24:00-05:00,143.73500061035156,143.83999633789062,143.73500061035156,143.83999633789062,143.83999633789062,500
2023-03-09 12:25:00-05:00,143.72500610351562,143.72500610351562,143.6300048828125,143.6300048828125,143.6300048828125,444
2023-03-09 12:27:00-05:00,143.8000030517578,143.86000061035156,143.8000030517578,143.86000061035156,143.86000061035156,509
2023-03-09 12:32:00-05:00,143.86000061035156,143.86000061035156,143.8300018310547,143.8300018310547,143.8300018310547,844
2023-03-09 12:33:00-05:00,143.8300018310547,143.8350067138672,143.77000427246094,143.77000427246094,143.77000427246094,1072
2023-03-09 12:34:00-05:00,143.74000549316406,143.74000549316406,143.64999389648438,143.64999389648438,143.64999389648438,1804
2023-03-09 12:35:00-05:00,143.63999938964844,143.63999938964844,143.63999938964844,143.63999938964844,143.63999938964844,697
2023-03-09 12:36:00-05:00,143.5,143.5,143.5,143.5,143.5,103
2023-03-09 12:37:00-05:00,143.4600067138672,143.52499389648438,143.36000061035156,143.46499633789062,143.46499633789062,1067
2023-03-09 12:38:00-05:00,143.5399932861328,143.55999755859375,143.5399932861328,143.55999755859375,143.55999755859375,1374
2023-03-09 12:41:00-05:00,143.6750030517578,143.6750030517578,143.6750030517578,143.6750030517578,143.6750030517578,564
2023-03-09 12:44:00-05:00,143.6300048828125,143.6300048828125,143.57000732421875,143.57000732421875,143.57000732421875,599
2023-03-09 12:45:00-05:00,143.4949951171875,143.61000061035156,143.44000244140625,143.61000061035156,143.61000061035156,1681
2023-03-09 12:47:00-05:00,143.5399932861328,143.5399932861328,143.5399932861328,143.5399932861328,143.5399932861328,422
2023-03-09 12:48:00-05:00,143.47999572753906,143.47999572753906,143.47999572753906,143.47999572753906,143.47999572753906,105
2023-03-09 12:49:00-05:00,143.50999450683594,143.50999450683594,143.50999450683594,143.50999450683594,143.50999450683594,232
2023-03-09 12:51:00-05:00,143.5,143.5,143.5,143.5,143.5,205
2023-03-09 12:53:00-05:00,143.4949951171875,143.4949951171875,143.4949951171875,143.4949951171875,143.4949951171875,289
2023-03-09 12:57:00-05:00,143.51429748535156,143.51429748535156,143.5,143.5,143.5,371
2023-03-09 12:58:00-05:00,143.52999877929688,143.52999877929688,143.52999877929688,143.52999877929688,143.52999877929688,487
2023-03-09 12:59:00-05:00,143.5800018310547,143.58999633789062,143.4949951171875,143.4949951171875,143.4949951171875,1256
2023-03-09 13:00:00-05:00,143.44000244140625,143.4949951171875,143.38499450683594,143.47999572753906,143.47999572753906,2015
2023-03-09 13:01:00-05:00,143.46499633789062,143.52000427246094,143.4600067138672,143.48500061035156,143.48500061035156,2605
2023-03-09 13:02:00-05:00,143.52999877929688,143.60000610351562,143.52999877929688,143.60000610351562,143.60000610351562,652
2023-03-09 13:03:00-05:00,143.64999389648438,143.6999969482422,143.64999389648438,143.6999969482422,143.6999969482422,311
2023-03-09 13:04:00-05:00,143.67999267578125,143.67999267578125,143.6199951171875,143.6199951171875,143.6199951171875,431
2023-03-09 13:05:00-05:00,143.60000610351562,143.60000610351562,143.55999755859375,143.55999755859375,143.55999755859375,933
2023-03-09 13:06:00-05:00,143.5,143.5,143.5,143.5,143.5,222
2023-03-09 13:07:00-05:00,143.50999450683594,143.50999450683594,143.50999450683594,143.50999450683594,143.50999450683594,127
2023-03-09 13:08:00-05:00,143.47500610351562,143.48500061035156,143.47000122070312,143.48500061035156,143.48500061035156,453
2023-03-09 13:09:00-05:00,143.47000122070312,143.47000122070312,143.47000122070312,143.47000122070312,143.47000122070312,409
2023-03-09 13:10:00-05:00,143.4600067138672,143.47999572753906,143.39999389648438,143.42999267578125,143.42999267578125,1801
2023-03-09 13:11:00-05:00,143.39500427246094,143.47000122070312,143.34500122070312,143.4600067138672,143.4600067138672,2898
2023-03-09 13:12:00-05:00,143.4199981689453,143.47000122070312,143.41000366210938,143.47000122070312,143.47000122070312,686
2023-03-09 13:13:00-05:00,143.4499969482422,143.4600067138672,143.42999267578125,143.4600067138672,143.4600067138672,1083
2023-03-09 13:14:00-05:00,143.5,143.5,143.43499755859375,143.43499755859375,143.43499755859375,1943
2023-03-09 13:15:00-05:00,143.3800048828125,143.41990661621094,143.3800048828125,143.41990661621094,143.41990661621094,801
2023-03-09 13:16:00-05:00,143.4199981689453,143.49000549316406,143.41000366210938,143.4499969482422,143.4499969482422,1747
2023-03-09 13:17:00-05:00,143.4149932861328,143.47000122070312,143.3699951171875,143.4499969482422,143.4499969482422,809
2023-03-09 13:18:00-05:00,143.36500549316406,143.39999389648438,143.3000030517578,143.32000732421875,143.32000732421875,3532
2023-03-09 13:19:00-05:00,143.32879638671875,143.33999633789062,143.32000732421875,143.32000732421875,143.32000732421875,1106
2023-03-09 13:20:00-05:00,143.47000122070312,143.47999572753906,143.36000061035156,143.39999389648438,143.39999389648438,2094
2023-03-09 13:21:00-05:00,143.44500732421875,143.44500732421875,143.44500732421875,143.44500732421875,143.44500732421875,720
2023-03-09 13:22:00-05:00,143.3800048828125,143.42999267578125,143.3000030517578,143.3300018310547,143.3300018310547,5247
2023-03-09 13:23:00-05:00,143.32000732421875,143.3800048828125,143.2100067138672,143.26499938964844,143.26499938964844,3676
2023-03-09 13:24:00-05:00,143.28990173339844,143.28990173339844,143.14999389648438,143.17999267578125,143.17999267578125,2332
2023-03-09 13:25:00-05:00,143.1750030517578,143.1750030517578,143.1699981689453,143.1699981689453,143.1699981689453,305
2023-03-09 13:26:00-05:00,143.13999938964844,143.2100067138672,143.10000610351562,143.2100067138672,143.2100067138672,1423
2023-03-09 13:27:00-05:00,143.1750030517578,143.1999969482422,143.07000732421875,143.13999938964844,143.13999938964844,1680
2023-03-09 13:28:00-05:00,143.03500366210938,143.03500366210938,143.03500366210938,143.03500366210938,143.03500366210938,117
2023-03-09 13:29:00-05:00,143.02000427246094,143.02999877929688,143.02000427246094,143.02999877929688,143.02999877929688,645
2023-03-09 13:30:00-05:00,142.97000122070312,142.9949951171875,142.9149932861328,142.9149932861328,142.9149932861328,937
2023-03-09 13:31:00-05:00,142.9499969482422,143.0,142.9499969482422,143.0,143.0,715
2023-03-09 13:32:00-05:00,142.91000366210938,142.91000366210938,142.83999633789062,142.84500122070312,142.84500122070312,657
2023-03-09 13:34:00-05:00,142.78500366210938,142.78500366210938,142.78500366210938,142.78500366210938,142.78500366210938,458
2023-03-09 13:36:00-05:00,142.6999969482422,142.75,142.6999969482422,142.75,142.75,1301
2023-03-09 13:37:00-05:00,142.75999450683594,142.75999450683594,142.7100067138672,142.75,142.75,1135
2023-03-09 13:38:00-05:00,142.75,142.75,142.7100067138672,142.75,142.75,1219
2023-03-09 13:39:00-05:00,142.7899932861328,142.8000030517578,142.72000122070312,142.77999877929688,142.77999877929688,2929
2023-03-09 13:40:00-05:00,142.8800048828125,142.94000244140625,142.86000061035156,142.94000244140625,142.94000244140625,1669
2023-03-09 13:41:00-05:00,142.9600067138672,142.97999572753906,142.91000366210938,142.97000122070312,142.97000122070312,3214
2023-03-09 13:42:00-05:00,142.97000122070312,142.97000122070312,142.97000122070312,142.97000122070312,142.97000122070312,310
2023-03-09 13:43:00-05:00,142.99000549316406,143.0,142.9199981689453,143.0,143.0,878
2023-03-09 13:44:00-05:00,142.99000549316406,142.99000549316406,142.9600067138672,142.9600067138672,142.9600067138672,661
2023-03-09 13:45:00-05:00,142.9550018310547,142.9600067138672,142.83999633789062,142.875,142.875,3503
2023-03-09 13:46:00-05:00,142.92999267578125,142.94000244140625,142.85000610351562,142.94000244140625,142.94000244140625,1625
2023-03-09 13:47:00-05:00,142.91000366210938,142.9199981689453,142.75,142.8000030517578,142.8000030517578,4257
2023-03-09 13:48:00-05:00,142.7550048828125,142.7550048828125,142.67999267578125,142.75,142.75,1516
2023-03-09 13:49:00-05:00,142.74000549316406,142.75,142.60000610351562,142.64999389648438,142.64999389648438,2561
2023-03-09 13:50:00-05:00,142.60000610351562,142.66000366210938,142.55999755859375,142.58999633789062,142.58999633789062,3188
2023-03-09 13:51:00-05:00,142.67999267578125,142.67999267578125,142.67999267578125,142.67999267578125,142.67999267578125,246
2023-03-09 13:52:00-05:00,142.6199951171875,142.72999572753906,142.6199951171875,142.6300048828125,142.6300048828125,1159
2023-03-09 13:53:00-05:00,142.6300048828125,142.67999267578125,142.5500030517578,142.55499267578125,142.55499267578125,2665
2023-03-09 13:54:00-05:00,142.47999572753906,142.57000732421875,142.3699951171875,142.57000732421875,142.57000732421875,6401
2023-03-09 13:55:00-05:00,142.55999755859375,142.56500244140625,142.55999755859375,142.56500244140625,142.56500244140625,510
2023-03-09 13:56:00-05:00,142.6300048828125,142.6300048828125,142.55999755859375,142.55999755859375,142.55999755859375,681
2023-03-09 13:57:00-05:00,142.59500122070312,142.67999267578125,142.44000244140625,142.44000244140625,142.44000244140625,2715
2023-03-09 13:58:00-05:00,142.5,142.5,142.4250030517578,142.4250030517578,142.4250030517578,2173
2023-03-09 13:59:00-05:00,142.35000610351562,142.51150512695312,142.35000610351562,142.51150512695312,142.51150512695312,2027
2023-03-09 14:00:00-05:00,142.42999267578125,142.42999267578125,142.42999267578125,142.42999267578125,142.42999267578125,2242
2023-03-09 14:01:00-05:00,142.43499755859375,142.43499755859375,142.33999633789062,142.4199981689453,142.4199981689453,1085
2023-03-09 14:02:00-05:00,142.33999633789062,142.47500610351562,142.33999633789062,142.4550018310547,142.4550018310547,1627
2023-03-09 14:03:00-05:00,142.39500427246094,142.47999572753906,142.39500427246094,142.39500427246094,142.39500427246094,1955
2023-03-09 14:04:00-05:00,142.48500061035156,142.48500061035156,142.3699951171875,142.3699951171875,142.3699951171875,1270
2023-03-09 14:05:00-05:00,142.4499969482422,142.4499969482422,142.38499450683594,142.38499450683594,142.38499450683594,1023
2023-03-09 14:06:00-05:00,142.3800048828125,142.3800048828125,142.3800048828125,142.3800048828125,142.3800048828125,2136
2023-03-09 14:07:00-05:00,142.36500549316406,142.49000549316406,142.36500549316406,142.49000549316406,142.49000549316406,5268
2023-03-09 14:08:00-05:00,142.36000061035156,142.4499969482422,142.25999450683594,142.4499969482422,142.4499969482422,4979
2023-03-09 14:09:00-05:00,142.4499969482422,142.49000549316406,142.40499877929688,142.40499877929688,142.40499877929688,2017
2023-03-09 14:10:00-05:00,142.4250030517578,142.4250030517578,142.33999633789062,142.38999938964844,142.38999938964844,3081
2023-03-09 14:11:00-05:00,142.39999389648438,142.39999389648438,142.39999389648438,142.39999389648438,142.39999389648438,1439
2023-03-09 14:12:00-05:00,142.38499450683594,142.4499969482422,142.1999969482422,142.25999450683594,142.25999450683594,4871
2023-03-09 14:13:00-05:00,142.19500732421875,142.24000549316406,142.14999389648438,142.24000549316406,142.24000549316406,2322
2023-03-09 14:14:00-05:00,142.2899932861328,142.39999389648438,142.2550048828125,142.38499450683594,142.38499450683594,3106
2023-03-09 14:15:00-05:00,142.3699951171875,142.3699951171875,142.3300018310547,142.33999633789062,142.33999633789062,1526
2023-03-09 14:16:00-05:00,142.3300018310547,142.46499633789062,142.3300018310547,142.46499633789062,142.46499633789062,1815
2023-03-09 14:17:00-05:00,142.46249389648438,142.46499633789062,142.1999969482422,142.3300018310547,142.3300018310547,7083
2023-03-09 14:18:00-05:00,142.2899932861328,142.2899932861328,142.17999267578125,142.24000549316406,142.24000549316406,3763
2023-03-09 14:19:00-05:00,142.24000549316406,142.24000549316406,142.22999572753906,142.24000549316406,142.24000549316406,1066
2023-03-09 14:20:00-05:00,142.3000030517578,142.3000030517578,142.27999877929688,142.27999877929688,142.27999877929688,1139
2023-03-09 14:21:00-05:00,142.3300018310547,142.3300018310547,142.3300018310547,142.3300018310547,142.3300018310547,157
2023-03-09 14:22:00-05:00,142.2899932861328,142.33999633789062,142.17999267578125,142.33999633789062,142.33999633789062,3790
2023-03-09 14:23:00-05:00,142.30999755859375,142.3249969482422,142.30499267578125,142.30499267578125,142.30499267578125,704
2023-03-09 14:24:00-05:00,142.35000610351562,142.35000610351562,142.2899932861328,142.2899932861328,142.2899932861328,1669
2023-03-09 14:25:00-05:00,142.30999755859375,142.41000366210938,142.3000030517578,142.41000366210938,142.41000366210938,1377
2023-03-09 14:26:00-05:00,142.27999877929688,142.27999877929688,142.24000549316406,142.25,142.25,1050
2023-03-09 14:27:00-05:00,142.25,142.25,142.22999572753906,142.22999572753906,142.22999572753906,447
2023-03-09 14:28:00-05:00,142.25,142.25999450683594,142.22999572753906,142.25999450683594,142.25999450683594,1093
2023-03-09 14:29:00-05:00,142.2100067138672,142.25999450683594,142.1999969482422,142.22999572753906,142.22999572753906,4134
2023-03-09 14:30:00-05:00,142.22999572753906,142.22999572753906,142.11000061035156,142.16000366210938,142.16000366210938,4939
2023-03-09 14:31:00-05:00,142.11000061035156,142.2100067138672,142.0500030517578,142.1199951171875,142.1199951171875,3477
2023-03-09 14:32:00-05:00,142.05999755859375,142.14999389648438,142.05999755859375,142.14999389648438,142.14999389648438,1229
2023-03-09 14:33:00-05:00,142.14999389648438,142.14999389648438,141.9499969482422,142.0800018310547,142.0800018310547,2944
2023-03-09 14:34:00-05:00,142.08999633789062,142.16000366210938,142.08999633789062,142.10499572753906,142.10499572753906,2651
2023-03-09 14:35:00-05:00,142.14999389648438,142.25,142.14999389648438,142.25,142.25,1201
2023-03-09 14:36:00-05:00,142.24000549316406,142.24000549316406,142.24000549316406,142.24000549316406,142.24000549316406,761
2023-03-09 14:37:00-05:00,142.19000244140625,142.2100067138672,142.11500549316406,142.1999969482422,142.1999969482422,3389
2023-03-09 14:38:00-05:00,142.21499633789062,142.21499633789062,142.21499633789062,142.21499633789062,142.21499633789062,423
2023-03-09 14:39:00-05:00,142.21499633789062,142.21499633789062,142.21499633789062,142.21499633789062,142.21499633789062,797
2023-03-09 14:40:00-05:00,142.2899932861328,142.33999633789062,142.2899932861328,142.33999633789062,142.33999633789062,672
2023-03-09 14:41:00-05:00,142.25999450683594,142.25999450683594,142.22999572753906,142.23500061035156,142.23500061035156,2147
2023-03-09 14:42:00-05:00,142.22500610351562,142.22500610351562,142.2050018310547,142.2050018310547,142.2050018310547,559
2023-03-09 14:43:00-05:00,142.2100067138672,142.2100067138672,142.17999267578125,142.19500732421875,142.19500732421875,739
2023-03-09 14:44:00-05:00,142.19500732421875,142.19500732421875,142.19500732421875,142.19500732421875,142.19500732421875,217
2023-03-09 14:45:00-05:00,142.19500732421875,142.32000732421875,142.19000244140625,142.32000732421875,142.32000732421875,2143
2023-03-09 14:46:00-05:00,142.32000732421875,142.32000732421875,142.25999450683594,142.25999450683594,142.25999450683594,700
2023-03-09 14:47:00-05:00,142.27999877929688,142.31500244140625,142.1999969482422,142.24000549316406,142.24000549316406,2283
2023-03-09 14:48:00-05:00,142.2449951171875,142.25,142.1199951171875,142.1999969482422,142.1999969482422,2468
2023-03-09 14:49:00-05:00,142.00999450683594,142.00999450683594,141.92999267578125,141.92999267578125,141.92999267578125,1078
2023-03-09 14:50:00-05:00,141.9199981689453,141.92999267578125,141.86000061035156,141.8800048828125,141.8800048828125,1112
2023-03-09 14:51:00-05:00,141.82000732421875,141.82000732421875,141.82000732421875,141.82000732421875,141.82000732421875,335
2023-03-09 14:52:00-05:00,141.77000427246094,141.77000427246094,141.69000244140625,141.69000244140625,141.69000244140625,819
2023-03-09 14:53:00-05:00,141.6699981689453,141.72999572753906,141.6699981689453,141.6699981689453,141.6699981689453,964
2023-03-09 14:54:00-05:00,141.6699981689453,141.6699981689453,141.55999755859375,141.55999755859375,141.55999755859375,1026
2023-03-09 14:55:00-05:00,141.55499267578125,141.55499267578125,141.47999572753906,141.47999572753906,141.47999572753906,458
2023-03-09 14:56:00-05:00,141.50999450683594,141.50999450683594,141.50999450683594,141.50999450683594,141.50999450683594,487
2023-03-09 14:57:00-05:00,141.41000366210938,141.41000366210938,141.39999389648438,141.39999389648438,141.39999389648438,592
2023-03-09 14:58:00-05:00,141.38999938964844,141.6699981689453,141.38999938964844,141.6699981689453,141.6699981689453,7335
2023-03-09 14:59:00-05:00,141.67999267578125,141.67999267578125,141.4600067138672,141.5,141.5,2557
2023-03-09 15:00:00-05:00,141.5050048828125,141.5050048828125,141.5050048828125,141.5050048828125,141.5050048828125,167
2023-03-09 15:01:00-05:00,141.5,141.5500030517578,141.5,141.5500030517578,141.5500030517578,1866
2023-03-09 15:02:00-05:00,141.5500030517578,141.5500030517578,141.46499633789062,141.46499633789062,141.46499633789062,1055
2023-03-09 15:03:00-05:00,141.46499633789062,141.46499633789062,141.46499633789062,141.46499633789062,141.46499633789062,198
2023-03-09 15:04:00-05:00,141.4499969482422,141.4499969482422,141.41000366210938,141.41000366210938,141.41000366210938,1457
2023-03-09 15:05:00-05:00,141.38999938964844,141.42999267578125,141.3699951171875,141.42999267578125,141.42999267578125,2458
2023-03-09 15:06:00-05:00,141.38999938964844,141.42999267578125,141.36000061035156,141.42999267578125,141.42999267578125,1329
2023-03-09 15:07:00-05:00,141.42999267578125,141.44500732421875,141.4199981689453,141.44500732421875,141.44500732421875,2798
2023-03-09 15:08:00-05:00,141.36000061035156,141.42999267578125,141.33999633789062,141.42999267578125,141.42999267578125,827
2023-03-09 15:09:00-05:00,141.35000610351562,141.375,141.35000610351562,141.375,141.375,416
2023-03-09 15:10:00-05:00,141.38999938964844,141.49000549316406,141.35000610351562,141.49000549316406,141.49000549316406,2901
2023-03-09 15:11:00-05:00,141.49000549316406,141.49000549316406,141.47999572753906,141.47999572753906,141.47999572753906,510
2023-03-09 15:12:00-05:00,141.48500061035156,141.48500061035156,141.3000030517578,141.375,141.375,3273
2023-03-09 15:13:00-05:00,141.38999938964844,141.47000122070312,141.38499450683594,141.47000122070312,141.47000122070312,1788
2023-03-09 15:14:00-05:00,141.5,141.5,141.4949951171875,141.4949951171875,141.4949951171875,906
2023-03-09 15:15:00-05:00,141.4949951171875,141.4949951171875,141.3800048828125,141.3800048828125,141.3800048828125,975
2023-03-09 15:16:00-05:00,141.35000610351562,141.3800048828125,141.25999450683594,141.32000732421875,141.32000732421875,2839
2023-03-09 15:17:00-05:00,141.27000427246094,141.3000030517578,141.22000122070312,141.27999877929688,141.27999877929688,1638
2023-03-09 15:18:00-05:00,141.22500610351562,141.25999450683594,141.22000122070312,141.25999450683594,141.25999450683594,2119
2023-03-09 15:19:00-05:00,141.2050018310547,141.22999572753906,141.0500030517578,141.0500030517578,141.0500030517578,2755
2023-03-09 15:20:00-05:00,141.08999633789062,141.10000610351562,141.0399932861328,141.0399932861328,141.0399932861328,2123
2023-03-09 15:21:00-05:00,141.03500366210938,141.22000122070312,141.02999877929688,141.10000610351562,141.10000610351562,4790
2023-03-09 15:22:00-05:00,141.10000610351562,141.16000366210938,141.0,141.1300048828125,141.1300048828125,3576
2023-03-09 15:23:00-05:00,141.16000366210938,141.30999755859375,141.16000366210938,141.30999755859375,141.30999755859375,1565
2023-03-09 15:24:00-05:00,141.24000549316406,141.24000549316406,140.9499969482422,140.9600067138672,140.9600067138672,2454
2023-03-09 15:25:00-05:00,140.9499969482422,141.0399932861328,140.9499969482422,141.0399932861328,141.0399932861328,1038
2023-03-09 15:26:00-05:00,141.0800018310547,141.0850067138672,141.0800018310547,141.0800018310547,141.0800018310547,1534
2023-03-09 15:27:00-05:00,141.0500030517578,141.05999755859375,141.0500030517578,141.05999755859375,141.05999755859375,945
2023-03-09 15:28:00-05:00,141.0,141.05999755859375,140.97000122070312,140.97999572753906,140.97999572753906,3049
2023-03-09 15:29:00-05:00,141.0,141.0500030517578,140.9600067138672,141.0500030517578,141.0500030517578,2108
2023-03-09 15:30:00-05:00,140.9600067138672,141.0,140.9199981689453,140.99000549316406,140.99000549316406,4577
2023-03-09 15:31:00-05:00,141.02999877929688,141.0800018310547,141.02999877929688,141.07000732421875,141.07000732421875,1195
2023-03-09 15:32:00-05:00,141.07000732421875,141.30999755859375,141.07000732421875,141.30999755859375,141.30999755859375,3536
2023-03-09 15:33:00-05:00,141.35000610351562,141.35000610351562,141.05999755859375,141.08999633789062,141.08999633789062,1701
2023-03-09 15:34:00-05:00,141.16000366210938,141.22500610351562,141.14999389648438,141.14999389648438,141.14999389648438,778
2023-03-09 15:35:00-05:00,141.08999633789062,141.08999633789062,141.0850067138672,141.0850067138672,141.0850067138672,704
2023-03-09 15:36:00-05:00,141.02999877929688,141.05999755859375,140.91000366210938,140.99000549316406,140.99000549316406,3094
2023-03-09 15:37:00-05:00,140.91000366210938,141.08999633789062,140.91000366210938,141.08999633789062,141.08999633789062,4609
2023-03-09 15:38:00-05:00,141.07000732421875,141.24000549316406,141.07000732421875,141.22500610351562,141.22500610351562,1990
2023-03-09 15:39:00-05:00,141.19000244140625,141.27000427246094,141.14999389648438,141.27000427246094,141.27000427246094,3827
2023-03-09 15:40:00-05:00,141.24000549316406,141.26499938964844,141.24000549316406,141.25,141.25,2155
2023-03-09 15:41:00-05:00,141.1999969482422,141.27999877929688,141.13999938964844,141.25,141.25,3820
2023-03-09 15:42:00-05:00,141.25,141.3699951171875,141.22000122070312,141.25,141.25,5000
2023-03-09 15:43:00-05:00,141.23500061035156,141.25,141.17999267578125,141.25,141.25,2021
2023-03-09 15:44:00-05:00,141.24000549316406,141.25,141.1999969482422,141.22999572753906,141.22999572753906,3275
2023-03-09 15:45:00-05:00,141.24000549316406,141.24000549316406,141.0449981689453,141.07000732421875,141.07000732421875,3298
2023-03-09 15:46:00-05:00,141.05999755859375,141.13999938964844,141.01499938964844,141.10000610351562,141.10000610351562,4335
2023-03-09 15:47:00-05:00,141.10000610351562,141.25,141.10000610351562,141.2449951171875,141.2449951171875,5560
2023-03-09 15:48:00-05:00,141.27000427246094,141.36000061035156,141.25,141.25,141.25,2912
2023-03-09 15:49:00-05:00,141.27000427246094,141.33999633789062,141.25,141.30999755859375,141.30999755859375,5264
2023-03-09 15:50:00-05:00,141.19000244140625,141.36000061035156,141.19000244140625,141.35000610351562,141.35000610351562,6287
2023-03-09 15:51:00-05:00,141.36000061035156,141.41000366210938,141.1199951171875,141.1300048828125,141.1300048828125,4274
2023-03-09 15:52:00-05:00,141.11000061035156,141.13999938964844,141.02999877929688,141.10000610351562,141.10000610351562,6624
2023-03-09 15:53:00-05:00,141.08999633789062,141.1300048828125,141.0500030517578,141.08999633789062,141.08999633789062,5221
2023-03-09 15:54:00-05:00,141.1300048828125,141.30250549316406,141.1300048828125,141.30250549316406,141.30250549316406,8753
2023-03-09 15:55:00-05:00,141.2899932861328,141.32000732421875,141.14999389648438,141.18499755859375,141.18499755859375,13414
2023-03-09 15:56:00-05:00,141.17999267578125,141.24000549316406,141.1199951171875,141.13999938964844,141.13999938964844,8995
2023-03-09 15:57:00-05:00,141.1199951171875,141.2100067138672,141.1199951171875,141.2100067138672,141.2100067138672,12320
2023-03-09 15:58:00-05:00,141.22000122070312,141.25999450683594,141.1999969482422,141.25,141.25,14282
2023-03-09 15:59:00-05:00,141.24000549316406,141.2899932861328,141.0800018310547,141.17999267578125,141.17999267578125,23181
2023-03-10 09:30:00-05:00,140.52000427246094,140.52000427246094,140.52000427246094,140.52000427246094,140.52000427246094,4119
2023-03-10 09:31:00-05:00,140.36000061035156,140.36000061035156,139.99000549316406,139.99000549316406,139.99000549316406,1556
2023-03-10 09:33:00-05:00,140.05499267578125,140.05499267578125,139.97999572753906,139.97999572753906,139.97999572753906,1259
2023-03-10 09:36:00-05:00,139.77999877929688,139.97500610351562,139.77999877929688,139.97500610351562,139.97500610351562,382
2023-03-10 09:38:00-05:00,140.16000366210938,140.16000366210938,139.8800048828125,139.8800048828125,139.8800048828125,480
2023-03-10 09:39:00-05:00,139.91000366210938,139.91000366210938,139.75999450683594,139.89999389648438,139.89999389648438,903
2023-03-10 09:40:00-05:00,140.02000427246094,140.02000427246094,140.02000427246094,140.02000427246094,140.02000427246094,201
2023-03-10 09:41:00-05:00,140.16000366210938,140.16000366210938,140.16000366210938,140.16000366210938,140.16000366210938,321
2023-03-10 09:42:00-05:00,140.02239990234375,140.16000366210938,140.02239990234375,140.125,140.125,1453
2023-03-10 09:43:00-05:00,139.99000549316406,139.99000549316406,139.83999633789062,139.83999633789062,139.83999633789062,1673
2023-03-10 09:45:00-05:00,139.88999938964844,139.88999938964844,139.75,139.75,139.75,1333
2023-03-10 09:47:00-05:00,139.69000244140625,139.75999450683594,139.52999877929688,139.60000610351562,139.60000610351562,2684
2023-03-10 09:48:00-05:00,139.60000610351562,139.72000122070312,139.4600067138672,139.5500030517578,139.5500030517578,2469
2023-03-10 09:49:00-05:00,139.5500030517578,139.58999633789062,139.43499755859375,139.58999633789062,139.58999633789062,1037
2023-03-10 09:50:00-05:00,139.52499389648438,139.52499389648438,139.52499389648438,139.52499389648438,139.52499389648438,440
2023-03-10 09:51:00-05:00,139.2100067138672,139.27999877929688,139.2100067138672,139.27999877929688,139.27999877929688,434
2023-03-10 09:52:00-05:00,139.3000030517578,139.3000030517578,139.3000030517578,139.3000030517578,139.3000030517578,101
2023-03-10 09:53:00-05:00,139.3000030517578,139.35000610351562,139.07000732421875,139.20249938964844,139.20249938964844,4633
2023-03-10 09:54:00-05:00,139.0800018310547,139.0800018310547,138.7899932861328,138.7899932861328,138.7899932861328,4490
2023-03-10 09:55:00-05:00,138.8800048828125,139.0,138.8800048828125,138.9250030517578,138.9250030517578,2940
2023-03-10 09:56:00-05:00,138.95030212402344,138.95030212402344,138.82000732421875,138.93499755859375,138.93499755859375,1998
2023-03-10 09:57:00-05:00,138.9499969482422,139.02000427246094,138.92999267578125,139.02000427246094,139.02000427246094,750
2023-03-10 09:58:00-05:00,139.0800018310547,139.1649932861328,139.07000732421875,139.1649932861328,139.1649932861328,1209
2023-03-10 09:59:00-05:00,139.3300018310547,139.3300018310547,139.14999389648438,139.2100067138672,139.2100067138672,1894
2023-03-10 10:00:00-05:00,139.2899932861328,139.42999267578125,139.2899932861328,139.42999267578125,139.42999267578125,636
2023-03-10 10:02:00-05:00,139.4499969482422,139.6699981689453,139.4499969482422,139.66000366210938,139.66000366210938,1988
2023-03-10 10:04:00-05:00,139.61000061035156,139.75,139.5399932861328,139.63499450683594,139.63499450683594,2261
2023-03-10 10:06:00-05:00,139.58999633789062,139.7899932861328,139.58999633789062,139.7899932861328,139.7899932861328,2685
2023-03-10 10:07:00-05:00,139.76499938964844,139.80499267578125,139.75999450683594,139.75999450683594,139.75999450683594,671
2023-03-10 10:08:00-05:00,139.76499938964844,139.8000030517578,139.65499877929688,139.65499877929688,139.65499877929688,2674
2023-03-10 10:09:00-05:00,139.86000061035156,139.88499450683594,139.82000732421875,139.82000732421875,139.82000732421875,648
2023-03-10 10:10:00-05:00,139.82000732421875,139.94000244140625,139.75999450683594,139.8699951171875,139.8699951171875,4072
2023-03-10 10:11:00-05:00,139.92999267578125,140.11000061035156,139.9199981689453,139.9250030517578,139.9250030517578,3355
2023-03-10 10:12:00-05:00,140.0,140.22999572753906,140.0,140.22999572753906,140.22999572753906,2773
2023-03-10 10:13:00-05:00,140.07000732421875,140.13999938964844,140.0,140.125,140.125,2213
2023-03-10 10:14:00-05:00,140.02999877929688,140.125,139.8800048828125,139.8800048828125,139.8800048828125,762
2023-03-10 10:15:00-05:00,139.86500549316406,139.86500549316406,139.72999572753906,139.78500366210938,139.78500366210938,1684
2023-03-10 10:16:00-05:00,139.9499969482422,139.9499969482422,139.8300018310547,139.8300018310547,139.8300018310547,745
2023-03-10 10:17:00-05:00,139.72000122070312,139.85000610351562,139.7100067138672,139.85000610351562,139.85000610351562,2244
2023-03-10 10:18:00-05:00,139.9499969482422,140.0399932861328,139.92999267578125,140.0399932861328,140.0399932861328,993
2023-03-10 10:19:00-05:00,139.99000549316406,139.99000549316406,139.58999633789062,139.75,139.75,4730
2023-03-10 10:20:00-05:00,139.65499877929688,139.80499267578125,139.65499877929688,139.80499267578125,139.80499267578125,1712
2023-03-10 10:21:00-05:00,139.7449951171875,139.7449951171875,139.27000427246094,139.3800048828125,139.3800048828125,7052
2023-03-10 10:22:00-05:00,139.38999938964844,139.38999938964844,139.3699951171875,139.3699951171875,139.3699951171875,635
2023-03-10 10:23:00-05:00,139.38999938964844,139.38999938964844,138.8699951171875,138.8699951171875,138.8699951171875,6630
2023-03-10 10:24:00-05:00,138.9499969482422,139.14999389648438,138.9499969482422,139.14999389648438,139.14999389648438,2763
2023-03-10 10:25:00-05:00,139.14999389648438,139.22999572753906,138.94500732421875,138.97500610351562,138.97500610351562,2766
2023-03-10 10:26:00-05:00,139.13699340820312,139.15499877929688,139.05999755859375,139.05999755859375,139.05999755859375,2085
2023-03-10 10:27:00-05:00,139.08999633789062,139.36000061035156,139.08999633789062,139.36000061035156,139.36000061035156,1329
2023-03-10 10:28:00-05:00,139.375,139.375,139.27000427246094,139.2899932861328,139.2899932861328,2340
2023-03-10 10:29:00-05:00,139.16000366210938,139.16000366210938,139.11000061035156,139.11000061035156,139.11000061035156,802
2023-03-10 10:30:00-05:00,139.33999633789062,139.35000610351562,139.30999755859375,139.32000732421875,139.32000732421875,925
2023-03-10 10:31:00-05:00,139.51499938964844,139.51499938964844,139.51499938964844,139.51499938964844,139.51499938964844,617
2023-03-10 10:32:00-05:00,139.67999267578125,139.67999267578125,139.67999267578125,139.67999267578125,139.67999267578125,555
2023-03-10 10:33:00-05:00,139.66000366210938,139.66000366210938,139.55999755859375,139.55999755859375,139.55999755859375,1481
2023-03-10 10:35:00-05:00,139.66000366210938,139.66000366210938,139.66000366210938,139.66000366210938,139.66000366210938,456
2023-03-10 10:36:00-05:00,139.6699981689453,139.8000030517578,139.6699981689453,139.75,139.75,1889
2023-03-10 10:37:00-05:00,139.69000244140625,139.7100067138672,139.69000244140625,139.7050018310547,139.7050018310547,603
2023-03-10 10:38:00-05:00,139.67999267578125,139.74000549316406,139.67999267578125,139.74000549316406,139.74000549316406,850
2023-03-10 10:39:00-05:00,139.75,139.75,139.64999389648438,139.7050018310547,139.7050018310547,2130
2023-03-10 10:40:00-05:00,139.73590087890625,139.90499877929688,139.73590087890625,139.90499877929688,139.90499877929688,748
2023-03-10 10:41:00-05:00,139.8000030517578,139.8000030517578,139.625,139.72000122070312,139.72000122070312,2339
2023-03-10 10:42:00-05:00,139.7100067138672,139.72999572753906,139.4199981689453,139.72999572753906,139.72999572753906,4216
2023-03-10 10:43:00-05:00,139.6999969482422,139.8300018310547,139.61500549316406,139.6699981689453,139.6699981689453,2687
2023-03-10 10:44:00-05:00,139.71499633789062,139.71499633789062,139.64999389648438,139.6999969482422,139.6999969482422,2716
2023-03-10 10:45:00-05:00,139.75999450683594,139.77000427246094,139.75999450683594,139.77000427246094,139.77000427246094,1054
2023-03-10 10:46:00-05:00,139.75,139.75,139.5500030517578,139.6300048828125,139.6300048828125,2311
2023-03-10 10:47:00-05:00,139.7100067138672,139.7100067138672,139.7100067138672,139.7100067138672,139.7100067138672,931
2023-03-10 10:48:00-05:00,139.625,139.69000244140625,139.625,139.69000244140625,139.69000244140625,738
2023-03-10 10:49:00-05:00,139.625,139.625,139.44000244140625,139.52999877929688,139.52999877929688,2281
2023-03-10 10:50:00-05:00,139.52999877929688,139.72999572753906,139.52999877929688,139.59500122070312,139.59500122070312,1596
2023-03-10 10:51:00-05:00,139.50999450683594,139.55999755859375,139.4499969482422,139.52499389648438,139.52499389648438,3601
2023-03-10 10:52:00-05:00,139.66000366210938,139.66000366210938,139.66000366210938,139.66000366210938,139.66000366210938,652
2023-03-10 10:53:00-05:00,139.63999938964844,139.76499938964844,139.63999938964844,139.76499938964844,139.76499938964844,1276
2023-03-10 10:54:00-05:00,139.8699951171875,139.8800048828125,139.8699951171875,139.8800048828125,139.8800048828125,704
2023-03-10 10:55:00-05:00,140.1199951171875,140.1199951171875,140.03500366210938,140.1199951171875,140.1199951171875,766
2023-03-10 10:56:00-05:00,140.10000610351562,140.2449951171875,139.9600067138672,140.2449951171875,140.2449951171875,1910
2023-03-10 10:57:00-05:00,140.25,140.27000427246094,140.00999450683594,140.00999450683594,140.00999450683594,4384
2023-03-10 11:04:00-05:00,139.9250030517578,139.9250030517578,139.9250030517578,139.9250030517578,139.9250030517578,5175
2023-03-10 11:06:00-05:00,140.07000732421875,140.07000732421875,140.07000732421875,140.07000732421875,140.07000732421875,331
2023-03-10 11:07:00-05:00,140.07000732421875,140.07000732421875,140.07000732421875,140.07000732421875,140.07000732421875,1403
2023-03-10 11:10:00-05:00,140.10000610351562,140.10000610351562,140.02999877929688,140.02999877929688,140.02999877929688,747
2023-03-10 11:11:00-05:00,139.99000549316406,139.99000549316406,139.91000366210938,139.91000366210938,139.91000366210938,2910
2023-03-10 11:12:00-05:00,139.97999572753906,139.99000549316406,139.9499969482422,139.97999572753906,139.97999572753906,858
2023-03-10 11:13:00-05:00,139.8800048828125,139.9600067138672,139.8800048828125,139.9550018310547,139.9550018310547,1318
2023-03-10 11:14:00-05:00,139.96499633789062,139.96499633789062,139.89999389648438,139.89999389648438,139.89999389648438,725
2023-03-10 11:15:00-05:00,139.86500549316406,139.92999267578125,139.82000732421875,139.9199981689453,139.9199981689453,1700
2023-03-10 11:16:00-05:00,139.8800048828125,139.8800048828125,139.8800048828125,139.8800048828125,139.8800048828125,176
2023-03-10 11:17:00-05:00,139.8300018310547,139.9499969482422,139.7550048828125,139.7550048828125,139.7550048828125,1038
2023-03-10 11:18:00-05:00,139.75,139.77999877929688,139.75,139.75,139.75,880
2023-03-10 11:20:00-05:00,139.97000122070312,140.0,139.97000122070312,139.99000549316406,139.99000549316406,1569
2023-03-10 11:21:00-05:00,140.16000366210938,140.27499389648438,140.16000366210938,140.27499389648438,140.27499389648438,1383
2023-03-10 11:25:00-05:00,140.22000122070312,140.22999572753906,140.19000244140625,140.22999572753906,140.22999572753906,847
2023-03-10 11:26:00-05:00,140.35000610351562,140.3800048828125,140.30999755859375,140.3699951171875,140.3699951171875,914
2023-03-10 11:27:00-05:00,140.3699951171875,140.4199981689453,140.32000732421875,140.4199981689453,140.4199981689453,1543
2023-03-10 11:28:00-05:00,140.30999755859375,140.36000061035156,140.30999755859375,140.35000610351562,140.35000610351562,1328
2023-03-10 11:31:00-05:00,140.4600067138672,140.4600067138672,140.4600067138672,140.4600067138672,140.4600067138672,117
2023-03-10 11:32:00-05:00,140.38999938964844,140.5399932861328,140.3800048828125,140.5399932861328,140.5399932861328,2613
2023-03-10 11:34:00-05:00,140.57000732421875,140.7100067138672,140.57000732421875,140.5800018310547,140.5800018310547,1323
2023-03-10 11:35:00-05:00,140.6699981689453,140.6699981689453,140.6699981689453,140.6699981689453,140.6699981689453,419
2023-03-10 11:36:00-05:00,140.61000061035156,140.61000061035156,140.4600067138672,140.4600067138672,140.4600067138672,2673
2023-03-10 11:37:00-05:00,140.42999267578125,140.51499938964844,140.27999877929688,140.3249969482422,140.3249969482422,4517
2023-03-10 11:38:00-05:00,140.3699951171875,140.5,140.3699951171875,140.5,140.5,1622
2023-03-10 11:39:00-05:00,140.39999389648438,140.59500122070312,140.39999389648438,140.59500122070312,140.59500122070312,2224
2023-03-10 11:40:00-05:00,140.60000610351562,140.60000610351562,140.48500061035156,140.48500061035156,140.48500061035156,980
2023-03-10 11:41:00-05:00,140.5,140.5,140.44000244140625,140.49000549316406,140.49000549316406,621
2023-03-10 11:42:00-05:00,140.41000366210938,140.47000122070312,140.39999389648438,140.47000122070312,140.47000122070312,640
2023-03-10 11:44:00-05:00,140.4949951171875,140.55999755859375,140.41000366210938,140.55999755859375,140.55999755859375,3089
2023-03-10 11:45:00-05:00,140.5,140.5,140.42999267578125,140.47999572753906,140.47999572753906,1232
2023-03-10 11:46:00-05:00,140.47999572753906,140.47999572753906,140.23500061035156,140.3300018310547,140.3300018310547,3172
2023-03-10 11:47:00-05:00,140.27000427246094,140.36000061035156,140.25999450683594,140.3000030517578,140.3000030517578,1510
2023-03-10 11:48:00-05:00,140.3249969482422,140.39999389648438,140.3249969482422,140.39999389648438,140.39999389648438,870
2023-03-10 11:50:00-05:00,140.3249969482422,140.41000366210938,140.30499267578125,140.41000366210938,140.41000366210938,1260
2023-03-10 11:51:00-05:00,140.25999450683594,140.27000427246094,140.2100067138672,140.2100067138672,140.2100067138672,5557
2023-03-10 11:52:00-05:00,140.22999572753906,140.22999572753906,140.22999572753906,140.22999572753906,140.22999572753906,482
2023-03-10 11:53:00-05:00,140.16000366210938,140.2100067138672,140.1199951171875,140.19000244140625,140.19000244140625,2003
2023-03-10 11:54:00-05:00,140.19000244140625,140.22000122070312,140.19000244140625,140.22000122070312,140.22000122070312,1046
2023-03-10 11:55:00-05:00,140.2050018310547,140.27999877929688,140.11000061035156,140.27999877929688,140.27999877929688,2030
2023-03-10 11:56:00-05:00,140.14500427246094,140.27000427246094,140.14500427246094,140.27000427246094,140.27000427246094,2062
2023-03-10 11:58:00-05:00,140.1699981689453,140.22500610351562,139.97999572753906,140.11500549316406,140.11500549316406,4688
2023-03-10 11:59:00-05:00,139.97000122070312,140.07000732421875,139.97000122070312,140.00999450683594,140.00999450683594,1461
2023-03-10 12:00:00-05:00,140.02999877929688,140.02999877929688,140.02999877929688,140.02999877929688,140.02999877929688,557
2023-03-10 12:01:00-05:00,140.13999938964844,140.16000366210938,139.9600067138672,140.1199951171875,140.1199951171875,2269
2023-03-10 12:02:00-05:00,140.1300048828125,140.1300048828125,140.1300048828125,140.1300048828125,140.1300048828125,329
2023-03-10 12:03:00-05:00,140.02999877929688,140.05499267578125,140.02000427246094,140.05499267578125,140.05499267578125,536
2023-03-10 12:04:00-05:00,140.10000610351562,140.10000610351562,139.9600067138672,139.98500061035156,139.98500061035156,1059
2023-03-10 12:05:00-05:00,139.99000549316406,140.08999633789062,139.8800048828125,139.97000122070312,139.97000122070312,2844
2023-03-10 12:06:00-05:00,139.88999938964844,140.02000427246094,139.88999938964844,140.02000427246094,140.02000427246094,1429
2023-03-10 12:07:00-05:00,139.98500061035156,139.99000549316406,139.92999267578125,139.92999267578125,139.92999267578125,1550
2023-03-10 12:08:00-05:00,139.9199981689453,139.92999267578125,139.8300018310547,139.91000366210938,139.91000366210938,1914
2023-03-10 12:09:00-05:00,139.82000732421875,139.82000732421875,139.69000244140625,139.75,139.75,2789
2023-03-10 12:10:00-05:00,139.72000122070312,139.86000061035156,139.72000122070312,139.84500122070312,139.84500122070312,3010
2023-03-10 12:11:00-05:00,139.80999755859375,139.86000061035156,139.75999450683594,139.86000061035156,139.86000061035156,852
2023-03-10 12:12:00-05:00,139.86000061035156,139.86000061035156,139.8300018310547,139.8300018310547,139.8300018310547,362
2023-03-10 12:13:00-05:00,139.72500610351562,139.72500610351562,139.4600067138672,139.5399932861328,139.5399932861328,3450
2023-03-10 12:14:00-05:00,139.4600067138672,139.47000122070312,139.4600067138672,139.47000122070312,139.47000122070312,1155
2023-03-10 12:15:00-05:00,139.57000732421875,139.67999267578125,139.57000732421875,139.58999633789062,139.58999633789062,1539
2023-03-10 12:16:00-05:00,139.59500122070312,139.59500122070312,139.59500122070312,139.59500122070312,139.59500122070312,345
2023-03-10 12:17:00-05:00,139.6699981689453,139.67999267578125,139.6699981689453,139.67999267578125,139.67999267578125,330
2023-03-10 12:18:00-05:00,139.625,139.625,139.55999755859375,139.59500122070312,139.59500122070312,1435
2023-03-10 12:19:00-05:00,139.5850067138672,139.5850067138672,139.4600067138672,139.52999877929688,139.52999877929688,1382
2023-03-10 12:21:00-05:00,139.44500732421875,139.6199951171875,139.44500732421875,139.59500122070312,139.59500122070312,2220
2023-03-10 12:22:00-05:00,139.64999389648438,139.64999389648438,139.64999389648438,139.64999389648438,139.64999389648438,260
2023-03-10 12:23:00-05:00,139.67999267578125,139.75999450683594,139.60000610351562,139.66000366210938,139.66000366210938,3085
2023-03-10 12:24:00-05:00,139.75,139.75,139.5399932861328,139.6199951171875,139.6199951171875,1337
2023-03-10 12:25:00-05:00,139.5399932861328,139.67999267578125,139.5399932861328,139.67999267578125,139.67999267578125,1417
2023-03-10 12:26:00-05:00,139.63499450683594,139.6699981689453,139.63499450683594,139.63999938964844,139.63999938964844,1054
2023-03-10 12:27:00-05:00,139.63999938964844,139.63999938964844,139.60000610351562,139.60000610351562,139.60000610351562,619
2023-03-10 12:28:00-05:00,139.59500122070312,139.59500122070312,139.47500610351562,139.47500610351562,139.47500610351562,865
2023-03-10 12:29:00-05:00,139.5,139.5749969482422,139.5,139.5749969482422,139.5749969482422,1225
2023-03-10 12:30:00-05:00,139.67999267578125,139.69500732421875,139.67999267578125,139.69500732421875,139.69500732421875,264
2023-03-10 12:31:00-05:00,139.71499633789062,139.91000366210938,139.69000244140625,139.75999450683594,139.75999450683594,1195
2023-03-10 12:32:00-05:00,139.7899932861328,139.8000030517578,139.72000122070312,139.7949981689453,139.7949981689453,1040
2023-03-10 12:33:00-05:00,139.9499969482422,139.99000549316406,139.9499969482422,139.97999572753906,139.97999572753906,1464
2023-03-10 12:34:00-05:00,139.9600067138672,139.99000549316406,139.8249969482422,139.8249969482422,139.8249969482422,3351
2023-03-10 12:35:00-05:00,139.9199981689453,139.99000549316406,139.86500549316406,139.86500549316406,139.86500549316406,986
2023-03-10 12:36:00-05:00,139.83999633789062,139.83999633789062,139.6999969482422,139.77000427246094,139.77000427246094,1064
2023-03-10 12:37:00-05:00,139.75999450683594,139.8300018310547,139.75999450683594,139.8300018310547,139.8300018310547,1074
2023-03-10 12:38:00-05:00,139.82000732421875,139.82000732421875,139.82000732421875,139.82000732421875,139.82000732421875,159
2023-03-10 12:39:00-05:00,139.82000732421875,139.82000732421875,139.82000732421875,139.82000732421875,139.82000732421875,738
2023-03-10 12:40:00-05:00,139.75999450683594,139.75999450683594,139.61500549316406,139.61500549316406,139.61500549316406,1579
2023-03-10 12:41:00-05:00,139.5800018310547,139.5850067138672,139.44000244140625,139.44000244140625,139.44000244140625,579
2023-03-10 12:42:00-05:00,139.44000244140625,139.44000244140625,139.41310119628906,139.41310119628906,139.41310119628906,540
2023-03-10 12:43:00-05:00,139.32000732421875,139.35000610351562,139.32000732421875,139.35000610351562,139.35000610351562,645
2023-03-10 12:44:00-05:00,139.32000732421875,139.32000732421875,139.22000122070312,139.22000122070312,139.22000122070312,788
2023-03-10 12:45:00-05:00,139.16000366210938,139.17999267578125,139.16000366210938,139.17999267578125,139.17999267578125,328
2023-03-10 12:46:00-05:00,139.22999572753906,139.33999633789062,139.22999572753906,139.27999877929688,139.27999877929688,1569
2023-03-10 12:47:00-05:00,139.25999450683594,139.3300018310547,139.17999267578125,139.32000732421875,139.32000732421875,2449
2023-03-10 12:49:00-05:00,139.35499572753906,139.35499572753906,139.35499572753906,139.35499572753906,139.35499572753906,1076
2023-03-10 12:50:00-05:00,139.2949981689453,139.2949981689453,139.2949981689453,139.2949981689453,139.2949981689453,178
2023-03-10 12:51:00-05:00,139.26499938964844,139.26499938964844,139.26499938964844,139.26499938964844,139.26499938964844,981
2023-03-10 12:54:00-05:00,138.9499969482422,139.02499389648438,138.9499969482422,139.02499389648438,139.02499389648438,519
2023-03-10 12:55:00-05:00,138.85000610351562,138.85000610351562,138.85000610351562,138.85000610351562,138.85000610351562,278
2023-03-10 12:56:00-05:00,138.77000427246094,138.85499572753906,138.7100067138672,138.75999450683594,138.75999450683594,2284
2023-03-10 12:57:00-05:00,138.72000122070312,138.72000122070312,138.72000122070312,138.72000122070312,138.72000122070312,239
2023-03-10 12:58:00-05:00,138.58999633789062,138.75,138.58999633789062,138.75,138.75,1193
2023-03-10 13:00:00-05:00,138.65499877929688,138.6699981689453,138.52499389648438,138.52499389648438,138.52499389648438,2036
2023-03-10 13:03:00-05:00,138.47500610351562,138.52000427246094,138.4600067138672,138.52000427246094,138.52000427246094,1276
2023-03-10 13:04:00-05:00,138.4949951171875,138.5850067138672,138.4949951171875,138.5850067138672,138.5850067138672,1209
2023-03-10 13:05:00-05:00,138.60000610351562,138.60000610351562,138.60000610351562,138.60000610351562,138.60000610351562,192
2023-03-10 13:06:00-05:00,138.66000366210938,138.66000366210938,138.66000366210938,138.66000366210938,138.66000366210938,991
2023-03-10 13:11:00-05:00,138.42999267578125,138.42999267578125,138.4199981689453,138.4199981689453,138.4199981689453,290
2023-03-10 13:12:00-05:00,138.42999267578125,138.42999267578125,138.42999267578125,138.42999267578125,138.42999267578125,288
2023-03-10 13:13:00-05:00,138.3699951171875,138.3699951171875,138.27149963378906,138.27149963378906,138.27149963378906,488
2023-03-10 13:14:00-05:00,138.36500549316406,138.38999938964844,138.31500244140625,138.31500244140625,138.31500244140625,1026
2023-03-10 13:16:00-05:00,138.0,138.03500366210938,137.99729919433594,137.99729919433594,137.99729919433594,2101
2023-03-10 13:17:00-05:00,138.00999450683594,138.01499938964844,138.00999450683594,138.01499938964844,138.01499938964844,435
2023-03-10 13:19:00-05:00,137.88499450683594,137.88999938964844,137.88499450683594,137.88999938964844,137.88999938964844,251
2023-03-10 13:20:00-05:00,137.8800048828125,137.8800048828125,137.7899932861328,137.7899932861328,137.7899932861328,1093
2023-03-10 13:21:00-05:00,137.77999877929688,137.77999877929688,137.7100067138672,137.7100067138672,137.7100067138672,1147
2023-03-10 13:22:00-05:00,137.58999633789062,137.6199951171875,137.55999755859375,137.6199951171875,137.6199951171875,858
2023-03-10 13:23:00-05:00,137.6300048828125,137.63999938964844,137.52999877929688,137.63999938964844,137.63999938964844,1391
2023-03-10 13:25:00-05:00,137.5,137.5,137.5,137.5,137.5,484
2023-03-10 13:26:00-05:00,137.3699951171875,137.3699951171875,137.3699951171875,137.3699951171875,137.3699951171875,196
2023-03-10 13:27:00-05:00,137.30999755859375,137.30999755859375,137.25999450683594,137.27000427246094,137.27000427246094,1020
2023-03-10 13:28:00-05:00,137.15499877929688,137.35000610351562,137.15499877929688,137.33999633789062,137.33999633789062,1825
2023-03-10 13:29:00-05:00,137.2899932861328,137.3800048828125,137.2899932861328,137.3800048828125,137.3800048828125,525
2023-03-10 13:31:00-05:00,137.27999877929688,137.27999877929688,137.27999877929688,137.27999877929688,137.27999877929688,427
2023-03-10 13:32:00-05:00,137.25,137.25,137.14999389648438,137.14999389648438,137.14999389648438,3203
2023-03-10 13:33:00-05:00,137.17999267578125,137.2100067138672,137.17999267578125,137.17999267578125,137.17999267578125,567
2023-03-10 13:34:00-05:00,137.17999267578125,137.22999572753906,137.17999267578125,137.22999572753906,137.22999572753906,780
2023-03-10 13:35:00-05:00,137.13999938964844,137.2299041748047,137.0399932861328,137.08999633789062,137.08999633789062,2727
2023-03-10 13:37:00-05:00,137.2100067138672,137.2100067138672,137.2100067138672,137.2100067138672,137.2100067138672,1611
2023-03-10 13:38:00-05:00,137.17999267578125,137.17999267578125,137.17999267578125,137.17999267578125,137.17999267578125,225
2023-03-10 13:39:00-05:00,137.10000610351562,137.10000610351562,137.0,137.0,137.0,729
2023-03-10 13:40:00-05:00,137.0399932861328,137.10499572753906,137.00999450683594,137.00999450683594,137.00999450683594,637
2023-03-10 13:41:00-05:00,137.0399932861328,137.0399932861328,137.02000427246094,137.02999877929688,137.02999877929688,1442
2023-03-10 13:44:00-05:00,137.00999450683594,137.00999450683594,137.00999450683594,137.00999450683594,137.00999450683594,466
2023-03-10 13:45:00-05:00,137.02000427246094,137.07000732421875,137.02000427246094,137.07000732421875,137.07000732421875,219
2023-03-10 13:46:00-05:00,137.08999633789062,137.08999633789062,136.9499969482422,136.9600067138672,136.9600067138672,1171
2023-03-10 13:48:00-05:00,136.8800048828125,136.8800048828125,136.8800048828125,136.8800048828125,136.8800048828125,490
2023-03-10 13:49:00-05:00,136.86500549316406,136.875,136.83999633789062,136.83999633789062,136.83999633789062,1013
2023-03-10 13:50:00-05:00,136.86749267578125,136.86749267578125,136.8634033203125,136.8634033203125,136.8634033203125,420
2023-03-10 13:51:00-05:00,136.8000030517578,136.8000030517578,136.72000122070312,136.72000122070312,136.72000122070312,1550
2023-03-10 13:53:00-05:00,136.75999450683594,136.75999450683594,136.75999450683594,136.75999450683594,136.75999450683594,917
2023-03-10 13:56:00-05:00,136.60000610351562,136.6699981689453,136.5399932861328,136.6699981689453,136.6699981689453,1952
2023-03-10 13:57:00-05:00,136.57000732421875,136.57000732421875,136.5,136.5,136.5,651
2023-03-10 13:58:00-05:00,136.47000122070312,136.47000122070312,136.4499969482422,136.4499969482422,136.4499969482422,276
2023-03-10 13:59:00-05:00,136.5399932861328,136.5399932861328,136.5399932861328,136.5399932861328,136.5399932861328,252
2023-03-10 14:00:00-05:00,136.60000610351562,136.81500244140625,136.5800018310547,136.81500244140625,136.81500244140625,1155
2023-03-10 14:01:00-05:00,136.6300048828125,136.63999938964844,136.6199951171875,136.6199951171875,136.6199951171875,934
2023-03-10 14:02:00-05:00,136.5,136.5,136.47999572753906,136.47999572753906,136.47999572753906,851
2023-03-10 14:03:00-05:00,136.6750030517578,136.6750030517578,136.6750030517578,136.6750030517578,136.6750030517578,409
2023-03-10 14:04:00-05:00,136.75999450683594,136.83999633789062,136.75999450683594,136.83999633789062,136.83999633789062,672
2023-03-10 14:05:00-05:00,136.94000244140625,136.9499969482422,136.91000366210938,136.91000366210938,136.91000366210938,2220
2023-03-10 14:06:00-05:00,136.8800048828125,136.8800048828125,136.8800048828125,136.8800048828125,136.8800048828125,811
2023-03-10 14:07:00-05:00,136.83999633789062,136.83999633789062,136.75,136.75,136.75,717
2023-03-10 14:08:00-05:00,136.8699951171875,136.8699951171875,136.8300018310547,136.8300018310547,136.8300018310547,671
2023-03-10 14:09:00-05:00,136.92999267578125,137.1699981689453,136.92999267578125,137.1699981689453,137.1699981689453,841
2023-03-10 14:10:00-05:00,137.27999877929688,137.60000610351562,137.27999877929688,137.57000732421875,137.57000732421875,2722
2023-03-10 14:11:00-05:00,137.47999572753906,137.57000732421875,137.41000366210938,137.55999755859375,137.55999755859375,5100
2023-03-10 14:12:00-05:00,137.39999389648438,137.41000366210938,137.3699951171875,137.3699951171875,137.3699951171875,1390
2023-03-10 14:15:00-05:00,137.25,137.25999450683594,137.17999267578125,137.17999267578125,137.17999267578125,1795
2023-03-10 14:16:00-05:00,137.1999969482422,137.22000122070312,137.1199951171875,137.1199951171875,137.1199951171875,1352
2023-03-10 14:17:00-05:00,137.07000732421875,137.09500122070312,137.07000732421875,137.08999633789062,137.08999633789062,878
2023-03-10 14:18:00-05:00,137.04620361328125,137.0800018310547,137.04620361328125,137.0800018310547,137.0800018310547,1127
2023-03-10 14:19:00-05:00,137.11000061035156,137.11000061035156,137.11000061035156,137.11000061035156,137.11000061035156,148
2023-03-10 14:20:00-05:00,137.1750030517578,137.1750030517578,137.1750030517578,137.1750030517578,137.1750030517578,308
2023-03-10 14:21:00-05:00,137.2449951171875,137.2449951171875,137.2449951171875,137.2449951171875,137.2449951171875,391
2023-03-10 14:22:00-05:00,137.1300048828125,137.22999572753906,137.0399932861328,137.0399932861328,137.0399932861328,1917
2023-03-10 14:23:00-05:00,137.02999877929688,137.02999877929688,136.88999938964844,136.88999938964844,136.88999938964844,2164
2023-03-10 14:28:00-05:00,136.77000427246094,136.77000427246094,136.77000427246094,136.77000427246094,136.77000427246094,834
2023-03-10 14:29:00-05:00,136.8800048828125,136.8800048828125,136.8800048828125,136.8800048828125,136.8800048828125,880
2023-03-10 14:30:00-05:00,136.9199981689453,137.00999450683594,136.9199981689453,137.00999450683594,137.00999450683594,670
2023-03-10 14:31:00-05:00,137.02499389648438,137.11000061035156,137.00999450683594,137.00999450683594,137.00999450683594,916
2023-03-10 14:32:00-05:00,137.05999755859375,137.05999755859375,137.02000427246094,137.02000427246094,137.02000427246094,670
2023-03-10 14:33:00-05:00,136.8800048828125,136.8800048828125,136.8800048828125,136.8800048828125,136.8800048828125,581
2023-03-10 14:35:00-05:00,137.07000732421875,137.07000732421875,137.00999450683594,137.00999450683594,137.00999450683594,815
2023-03-10 14:36:00-05:00,137.16000366210938,137.24000549316406,137.1199951171875,137.24000549316406,137.24000549316406,1945
2023-03-10 14:37:00-05:00,137.3249969482422,137.32749938964844,137.3249969482422,137.32749938964844,137.32749938964844,401
2023-03-10 14:38:00-05:00,137.3800048828125,137.39999389648438,137.24000549316406,137.24000549316406,137.24000549316406,1143
2023-03-10 14:39:00-05:00,137.33279418945312,137.33279418945312,137.33279418945312,137.33279418945312,137.33279418945312,218
2023-03-10 14:40:00-05:00,137.32000732421875,137.32000732421875,137.2100067138672,137.2100067138672,137.2100067138672,649
2023-03-10 14:41:00-05:00,137.22999572753906,137.3000030517578,137.2100067138672,137.3000030517578,137.3000030517578,2397
2023-03-10 14:42:00-05:00,137.3699951171875,137.39999389648438,137.3699951171875,137.39999389648438,137.39999389648438,768
2023-03-10 14:43:00-05:00,137.66000366210938,137.6999969482422,137.51499938964844,137.5399932861328,137.5399932861328,3627
2023-03-10 14:44:00-05:00,137.59500122070312,137.59500122070312,137.59500122070312,137.59500122070312,137.59500122070312,1035
2023-03-10 14:45:00-05:00,137.58999633789062,137.69000244140625,137.5449981689453,137.63999938964844,137.63999938964844,4136
2023-03-10 14:46:00-05:00,137.65499877929688,137.76499938964844,137.63999938964844,137.6614990234375,137.6614990234375,1290
2023-03-10 14:48:00-05:00,137.99000549316406,137.99000549316406,137.99000549316406,137.99000549316406,137.99000549316406,473
2023-03-10 14:49:00-05:00,138.23500061035156,138.23500061035156,138.1875,138.1875,138.1875,410
2023-03-10 14:50:00-05:00,138.1999969482422,138.1999969482422,137.94000244140625,138.00750732421875,138.00750732421875,1770
2023-03-10 14:51:00-05:00,138.02999877929688,138.1199951171875,137.94000244140625,137.94000244140625,137.94000244140625,871
2023-03-10 14:52:00-05:00,138.00999450683594,138.00999450683594,138.00999450683594,138.00999450683594,138.00999450683594,508
2023-03-10 14:53:00-05:00,138.0749969482422,138.1699981689453,138.0399932861328,138.0399932861328,138.0399932861328,1495
2023-03-10 14:54:00-05:00,137.99000549316406,138.08999633789062,137.99000549316406,138.08999633789062,138.08999633789062,641
2023-03-10 14:55:00-05:00,138.0850067138672,138.0850067138672,138.0800018310547,138.0800018310547,138.0800018310547,1822
2023-03-10 14:56:00-05:00,138.25,138.25,138.1999969482422,138.1999969482422,138.1999969482422,697
2023-03-10 14:57:00-05:00,138.1300048828125,138.1300048828125,137.97000122070312,137.97000122070312,137.97000122070312,854
2023-03-10 14:58:00-05:00,137.97999572753906,138.05999755859375,137.89999389648438,138.05999755859375,138.05999755859375,3330
2023-03-10 15:00:00-05:00,138.0749969482422,138.0749969482422,138.0749969482422,138.0749969482422,138.0749969482422,352
2023-03-10 15:01:00-05:00,138.00999450683594,138.0749969482422,138.0,138.0,138.0,1492
2023-03-10 15:02:00-05:00,137.97999572753906,137.97999572753906,137.8699951171875,137.94000244140625,137.94000244140625,2263
2023-03-10 15:03:00-05:00,137.9600067138672,138.0,137.9600067138672,138.0,138.0,460
2023-03-10 15:04:00-05:00,137.9949951171875,138.10000610351562,137.9949951171875,138.10000610351562,138.10000610351562,1127
2023-03-10 15:05:00-05:00,137.97000122070312,138.05999755859375,137.95249938964844,137.9600067138672,137.9600067138672,2160
2023-03-10 15:06:00-05:00,137.99000549316406,138.0,137.94000244140625,138.0,138.0,943
2023-03-10 15:07:00-05:00,137.9600067138672,137.9600067138672,137.78500366210938,137.78500366210938,137.78500366210938,4829
2023-03-10 15:08:00-05:00,137.8300018310547,138.1199951171875,137.8300018310547,138.0500030517578,138.0500030517578,2305
2023-03-10 15:09:00-05:00,138.10000610351562,138.1199951171875,138.10000610351562,138.1199951171875,138.1199951171875,442
2023-03-10 15:10:00-05:00,138.0,138.0,137.9499969482422,137.97000122070312,137.97000122070312,1147
2023-03-10 15:11:00-05:00,138.08999633789062,138.25,138.08999633789062,138.1300048828125,138.1300048828125,1862
2023-03-10 15:12:00-05:00,138.2375030517578,138.2375030517578,138.2375030517578,138.2375030517578,138.2375030517578,239
2023-03-10 15:13:00-05:00,138.19000244140625,138.19000244140625,138.14999389648438,138.19000244140625,138.19000244140625,1046
2023-03-10 15:14:00-05:00,138.0399932861328,138.0399932861328,137.86000061035156,137.94000244140625,137.94000244140625,2795
2023-03-10 15:15:00-05:00,138.0,138.10499572753906,138.0,138.10000610351562,138.10000610351562,1325
2023-03-10 15:16:00-05:00,138.00999450683594,138.00999450683594,137.9199981689453,137.9199981689453,137.9199981689453,1325
2023-03-10 15:17:00-05:00,138.1199951171875,138.1699981689453,137.91000366210938,137.91000366210938,137.91000366210938,1620
2023-03-10 15:18:00-05:00,137.91000366210938,137.91000366210938,137.72000122070312,137.80999755859375,137.80999755859375,674
2023-03-10 15:19:00-05:00,137.82000732421875,137.8300018310547,137.61000061035156,137.63999938964844,137.63999938964844,2999
2023-03-10 15:20:00-05:00,137.75999450683594,137.75999450683594,137.67999267578125,137.72000122070312,137.72000122070312,3038
2023-03-10 15:21:00-05:00,137.7050018310547,137.75999450683594,137.6699981689453,137.74000549316406,137.74000549316406,2362
2023-03-10 15:22:00-05:00,137.73500061035156,137.75999450683594,137.68649291992188,137.68649291992188,137.68649291992188,822
2023-03-10 15:23:00-05:00,137.75999450683594,137.7899932861328,137.6999969482422,137.6999969482422,137.6999969482422,3048
2023-03-10 15:24:00-05:00,137.7050018310547,137.7050018310547,137.7050018310547,137.7050018310547,137.7050018310547,599
2023-03-10 15:25:00-05:00,137.8800048828125,137.8800048828125,137.8000030517578,137.8300018310547,137.8300018310547,4135
2023-03-10 15:26:00-05:00,137.8350067138672,137.99000549316406,137.8350067138672,137.99000549316406,137.99000549316406,1283
2023-03-10 15:27:00-05:00,137.8699951171875,137.94000244140625,137.85000610351562,137.94000244140625,137.94000244140625,1833
2023-03-10 15:28:00-05:00,137.8300018310547,137.8300018310547,137.82000732421875,137.82000732421875,137.82000732421875,527
2023-03-10 15:29:00-05:00,137.80999755859375,137.80999755859375,137.74000549316406,137.7899932861328,137.7899932861328,2929
2023-03-10 15:30:00-05:00,137.69000244140625,137.72500610351562,137.5500030517578,137.67999267578125,137.67999267578125,4763
2023-03-10 15:31:00-05:00,137.6999969482422,137.77499389648438,137.6999969482422,137.77499389648438,137.77499389648438,608
2023-03-10 15:32:00-05:00,137.75999450683594,137.77499389648438,137.64100646972656,137.72999572753906,137.72999572753906,3394
2023-03-10 15:33:00-05:00,137.69500732421875,137.72000122070312,137.6009979248047,137.69000244140625,137.69000244140625,3321
2023-03-10 15:34:00-05:00,137.58999633789062,137.58999633789062,137.4199981689453,137.47999572753906,137.47999572753906,2341
2023-03-10 15:35:00-05:00,137.31500244140625,137.39500427246094,137.31500244140625,137.39500427246094,137.39500427246094,299
2023-03-10 15:36:00-05:00,137.3000030517578,137.3000030517578,137.19500732421875,137.21499633789062,137.21499633789062,2380
2023-03-10 15:37:00-05:00,137.25,137.30999755859375,137.16000366210938,137.2100067138672,137.2100067138672,1760
2023-03-10 15:38:00-05:00,137.21499633789062,137.25,137.16000366210938,137.25,137.25,1380
2023-03-10 15:39:00-05:00,137.21499633789062,137.25999450683594,137.13999938964844,137.25999450683594,137.25999450683594,1298
2023-03-10 15:40:00-05:00,137.1999969482422,137.25999450683594,137.03500366210938,137.03500366210938,137.03500366210938,3699
2023-03-10 15:41:00-05:00,137.0500030517578,137.09500122070312,137.0449981689453,137.0449981689453,137.0449981689453,1396
2023-03-10 15:42:00-05:00,137.0449981689453,137.0449981689453,136.88999938964844,136.88999938964844,136.88999938964844,2878
2023-03-10 15:43:00-05:00,136.7899932861328,136.9499969482422,136.7899932861328,136.93499755859375,136.93499755859375,1741
2023-03-10 15:44:00-05:00,136.82000732421875,136.97000122070312,136.80999755859375,136.90499877929688,136.90499877929688,2042
2023-03-10 15:45:00-05:00,136.84500122070312,136.8800048828125,136.74000549316406,136.8000030517578,136.8000030517578,2722
2023-03-10 15:46:00-05:00,136.7725067138672,136.9199981689453,136.7725067138672,136.83999633789062,136.83999633789062,2487
2023-03-10 15:47:00-05:00,136.8350067138672,136.8572998046875,136.67999267578125,136.73500061035156,136.73500061035156,2655
2023-03-10 15:48:00-05:00,136.72000122070312,136.7899932861328,136.7100067138672,136.7899932861328,136.7899932861328,2069
2023-03-10 15:49:00-05:00,136.81500244140625,136.86000061035156,136.81500244140625,136.82000732421875,136.82000732421875,2532
2023-03-10 15:50:00-05:00,136.76499938964844,136.91000366210938,136.74000549316406,136.89500427246094,136.89500427246094,5304
2023-03-10 15:51:00-05:00,136.94000244140625,136.9499969482422,136.77999877929688,136.7899932861328,136.7899932861328,3846
2023-03-10 15:52:00-05:00,136.72000122070312,136.97999572753906,136.6999969482422,136.97999572753906,136.97999572753906,5235
2023-03-10 15:53:00-05:00,137.02999877929688,137.19000244140625,137.02000427246094,137.13999938964844,137.13999938964844,5419
2023-03-10 15:54:00-05:00,137.13999938964844,137.13999938964844,136.89999389648438,136.91000366210938,136.91000366210938,4054
2023-03-10 15:55:00-05:00,136.94000244140625,137.08999633789062,136.85000610351562,137.02999877929688,137.02999877929688,9529
2023-03-10 15:56:00-05:00,137.02000427246094,137.1199951171875,136.97000122070312,137.00999450683594,137.00999450683594,7224
2023-03-10 15:57:00-05:00,137.01499938964844,137.1699981689453,137.01499938964844,137.16000366210938,137.16000366210938,4729
2023-03-10 15:58:00-05:00,137.2100067138672,137.25999450683594,137.16000366210938,137.19000244140625,137.19000244140625,8727
2023-03-10 15:59:00-05:00,137.19000244140625,137.19000244140625,136.9499969482422,136.9499969482422,136.9499969482422,16051
2023-03-10 16:00:00-05:00,136.99000549316406,136.99000549316406,136.99000549316406,136.99000549316406,136.99000549316406,0
